Title: A Measurement of Radius Inflation in the Pleiades 
       and its Relation to Rotation and Lithium Depletion 
Authors: Somers G., Stassun K.G. 
Table: Derived Stellar Properties (V - K_S_)
================================================================================
Byte-by-byte Description of file: ajaa4ef4t2_mrt.txt
--------------------------------------------------------------------------------
   Bytes Format Units        Label   Explanations
--------------------------------------------------------------------------------
   1-  4 I4     ---          HII     The H II identifier
   6-  9 I4     K            Teff    Effective temperature
  11- 12 I2     K          E_Teff    Upper uncertainty in Teff   
  14- 16 I3     K          e_Teff    Lower uncertainty in Teff
  18- 22 F5.2   10-10mW/m2   FBol    Bolometric flux; 1e-10 erg/s/cm^2^
  24- 27 F4.2   10-12mW/m2 e_FBol    Lower uncertainty in FBol 
  29- 32 F4.2   10-12mW/m2 E_FBol    Upper uncertainty in FBol
  34- 38 F5.2   ---          chi2    Model reduced {chi}^2^  
  40- 44 F5.2   10-2mas      ADia    Angular diameter
  46- 49 F4.2   10-2mas    e_ADia    Lower uncertainty in ADia
  51- 54 F4.2   10-2mas    E_ADia    Upper uncertainty in ADia
  56- 60 F5.3   solRad       Rad     Radius 
  62- 66 F5.3   solRad     e_Rad     Lower uncertainty in Rad
  68- 72 F5.3   solRad     E_Rad     Upper uncertainty in Rad
  74- 77 F4.1   %            DelRad  Percent difference in radius
  79- 81 F3.1   %          E_DelRad  Upper uncertainty in DelRad
  83- 85 F3.1   %          e_DelRad  Lower uncertainty in DelRad
--------------------------------------------------------------------------------
0025 6513 55  68 47.38 1.71 0.59  2.18  8.89 0.23 0.18 1.280 0.044 0.038  6.4 3.7 3.2 
0034 5011 27  34  5.77 0.15 0.21  2.45  5.24 0.09 0.12 0.754 0.022 0.024  4.4 3.0 3.3 
0097 4658 23  28  4.36 0.28 0.26  7.05  5.27 0.18 0.17 0.759 0.031 0.030 15.4 4.7 4.5 
0120 5729 40  49 14.71 0.28 0.29  2.26  6.40 0.12 0.12 0.922 0.027 0.027  3.5 3.0 3.0 
0129 5220 31  38  9.06 0.27 0.28  1.99  6.05 0.12 0.12 0.871 0.026 0.026 14.4 3.4 3.5 
0152 5816 41  51 15.55 0.15 0.15  0.60  6.39 0.11 0.11 0.920 0.026 0.026  0.3 2.8 2.8 
0164 6328 57  69 43.69 1.10 1.14  0.87  9.04 0.21 0.22 1.302 0.042 0.043 16.2 3.8 3.8 
0174 5068 27  34  8.23 0.33 0.35  3.14  6.12 0.14 0.15 0.881 0.029 0.029 20.3 3.9 4.0 
0193 5396 32  41 10.12 0.29 0.40  2.73  5.99 0.12 0.14 0.862 0.026 0.028  7.9 3.2 3.5 
0250 5826 41  51 16.01 0.31 0.32  1.17  6.46 0.12 0.12 0.930 0.027 0.027  1.0 2.9 3.0 
0253 5702 39  48 16.17 0.49 0.70  4.30  6.78 0.15 0.18 0.976 0.030 0.034 10.7 3.5 3.8 
0263 5163 30  37  8.78 0.26 0.37  1.57  6.09 0.12 0.15 0.877 0.026 0.029 16.9 3.5 3.9 
0293 5659 40  49 14.75 0.58 0.30  1.86  6.57 0.17 0.12 0.946 0.032 0.028  8.9 3.7 3.2 
0345 5010 27  34  8.94 0.48 0.41  3.51  6.53 0.19 0.17 0.940 0.035 0.032 30.1 4.8 4.5 
0380 4380 20  24  2.45 0.12 0.15  5.61  4.47 0.12 0.15 0.643 0.023 0.026  1.7 3.6 4.1 
0405 6310 54  66 34.17 0.00 0.39  0.85  8.04 0.15 0.16 1.158 0.034 0.035  4.1 3.1 3.1 
0430 5414 36  44  8.89 0.31 0.24  2.43  5.57 0.13 0.11 0.803 0.026 0.024 -0.0 3.2 3.0 
0470 7018 87 101 74.86 1.86 0.96  1.95  9.62 0.28 0.27 1.386 0.051 0.049  2.9 3.8 3.7 
0489 5968 43  54 20.85 0.43 0.22  1.69  7.02 0.14 0.12 1.011 0.030 0.029  4.3 3.1 2.9 
0514 5783 39  49 15.81 0.31 0.32  1.75  6.51 0.12 0.12 0.938 0.027 0.027  3.4 3.0 3.0 
0530 7055 68  84 75.16 0.93 0.95  1.51  9.54 0.21 0.21 1.374 0.044 0.044  2.4 3.2 3.3 
0627 6412 57  69 39.54 0.91 0.47  0.95  8.38 0.19 0.17 1.206 0.039 0.037  4.3 3.3 3.2 
0636 4717 21  27  4.19 0.18 0.24  5.67  5.04 0.12 0.15 0.725 0.024 0.027  8.8 3.6 4.1 
0708 5901 43  53 26.88 0.96 0.67  1.65  8.15 0.20 0.17 1.174 0.039 0.036 24.2 4.1 3.8 
0746 5486 37  45  9.91 0.26 0.28  2.38  5.73 0.12 0.12 0.825 0.025 0.025  0.7 3.0 3.1 
0879 4680 22  28  3.18 0.20 0.22  7.47  4.46 0.15 0.16 0.642 0.025 0.027 -2.9 3.9 4.1 
0882 4567 20  25  4.08 0.16 0.17  2.22  5.30 0.11 0.12 0.764 0.024 0.024 17.7 3.7 3.7 
0883 4585 23  28  2.55 0.19 0.21 15.80  4.16 0.16 0.18 0.599 0.026 0.029 -8.0 4.1 4.4 
0916 5151 29  36  7.56 0.07 0.07  0.31  5.68 0.08 0.08 0.817 0.021 0.021  9.3 2.9 2.9 
0923 6067 41  53 26.01 0.57 0.59  2.70  7.59 0.15 0.15 1.093 0.032 0.032  8.5 3.2 3.2 
0996 6010 39  51 19.96 0.39 0.20  1.45  6.78 0.12 0.11 0.976 0.028 0.027 -0.9 2.9 2.7 
1015 5933 38  49 18.42 0.18 0.18  0.68  6.68 0.10 0.11 0.962 0.026 0.026  0.6 2.8 2.8 
1032 5134 26  34 10.92 0.12 0.26  0.51  6.87 0.09 0.11 0.989 0.026 0.028 32.8 3.4 3.7 
1095 5063 28  35  6.36 0.17 0.12  1.18  5.39 0.10 0.08 0.776 0.022 0.021  6.0 3.1 2.9 
1110 4438 18  23  2.47 0.12 0.13  4.41  4.37 0.11 0.12 0.629 0.022 0.022 -1.4 3.4 3.5 
1122 6728 51  67 55.22 0.00 0.68  0.97  8.99 0.16 0.17 1.295 0.037 0.038  0.0 2.8 2.9 
1124 5053 28  35  5.14 0.21 0.22  2.97  4.87 0.12 0.12 0.701 0.023 0.023 -4.0 3.1 3.2 
1132 6401 56  69 52.38 4.65 3.75 36.26  9.68 0.47 0.40 1.394 0.075 0.065 20.9 6.5 5.6 
1139 6651 63  77 51.28 0.62 0.63  0.91  8.87 0.20 0.20 1.277 0.040 0.040  1.1 3.2 3.2 
1182 5956 43  53 19.39 0.39 0.40  1.86  6.80 0.13 0.13 0.979 0.029 0.029  1.5 3.0 3.0 
1200 6246 49  61 31.51 0.35 0.72  1.76  7.88 0.15 0.17 1.135 0.033 0.035  4.8 3.1 3.2 
1207 6016 44  55 18.93 0.71 0.37  3.86  6.58 0.17 0.13 0.948 0.032 0.028 -4.0 3.2 2.8 
1215 5968 44  55 18.29 0.35 0.55  2.32  6.58 0.13 0.15 0.947 0.028 0.030 -2.3 2.9 3.1 
1220 5309 32  39  6.82 0.17 0.23  1.69  5.07 0.09 0.11 0.731 0.021 0.023 -6.3 2.7 2.9 
1298 4975 26  32  4.94 0.24 0.22  5.16  4.92 0.13 0.12 0.709 0.025 0.024 -1.0 3.5 3.3 
1305 4376 18  22  2.20 0.17 0.17  9.36  4.24 0.17 0.17 0.611 0.028 0.028 -3.3 4.4 4.4 
1309 6569 61  74 47.93 1.70 1.18  2.29  8.79 0.24 0.21 1.265 0.045 0.042  3.1 3.6 3.4 
1332 4918 25  31  4.13 0.16 0.14  3.71  4.60 0.10 0.09 0.663 0.021 0.020 -6.0 3.0 2.8 
1454 4700 23  28  3.13 0.23 0.24 14.16  4.38 0.17 0.17 0.631 0.028 0.029 -4.9 4.3 4.3 
1514 5963 42  53 18.76 0.54 0.19  1.75  6.67 0.14 0.11 0.961 0.030 0.027 -0.7 3.1 2.8 
1531 4449 19  24  2.25 0.15 0.19 12.95  4.15 0.15 0.18 0.598 0.025 0.029 -6.4 3.9 4.5 
1593 5583 34  44 10.96 0.20 0.20  2.24  5.82 0.10 0.10 0.838 0.023 0.023 -1.0 2.8 2.8 
1613 6330 48  61 31.80 0.68 0.35  1.89  7.71 0.16 0.14 1.110 0.034 0.032 -1.0 3.0 2.9 
1776 5641 36  46 13.51 0.26 0.13  1.36  6.33 0.11 0.10 0.911 0.026 0.025  5.5 3.0 2.9 
1794 6054 46  57 20.82 0.21 0.42  0.79  6.82 0.12 0.14 0.982 0.028 0.029 -2.0 2.8 2.9 
1797 6211 49  60 26.01 0.53 0.55  2.16  7.24 0.15 0.15 1.043 0.032 0.032 -2.4 3.0 3.0 
1856 6241 46  58 28.41 0.60 0.31  2.13  7.50 0.15 0.13 1.080 0.032 0.031 -0.1 3.0 2.8 
1883 4612 20  26  3.85 0.34 0.30 18.99  5.06 0.23 0.21 0.728 0.036 0.034 11.5 5.6 5.2 
1924 6066 46  57 21.46 0.22 0.22  1.21  6.90 0.12 0.12 0.993 0.028 0.028 -1.3 2.8 2.8 
2016 4319 16  21  2.29 0.08 0.06  1.99  4.44 0.08 0.07 0.640 0.019 0.018  2.3 3.0 2.8 
2034 4762 23  29  3.94 0.13 0.17  2.89  4.79 0.10 0.12 0.690 0.021 0.023  2.4 3.1 3.4 
2106 5164 28  35  8.79 0.26 0.27  1.43  6.09 0.12 0.12 0.877 0.026 0.026 16.9 3.5 3.5 
2126 5352 31  40  7.26 0.24 0.31  3.06  5.15 0.11 0.13 0.742 0.023 0.025 -6.0 2.9 3.2 
2244 4627 22  28  3.86 0.14 0.18  2.81  5.02 0.11 0.13 0.723 0.022 0.025 10.5 3.4 3.8 
2284 5365 32  40  9.80 0.09 0.09  0.52  5.96 0.09 0.09 0.858 0.023 0.023  8.4 2.9 2.9 
2311 5413 35  43  8.80 0.23 0.24  4.16  5.55 0.11 0.11 0.799 0.024 0.024 -0.4 3.0 3.0 
2341 5773 40  50 13.31 0.12 0.25  1.94  6.00 0.10 0.11 0.864 0.024 0.025 -4.4 2.7 2.8 
2345 6802 65  80 64.81 0.82 0.84  1.62  9.53 0.21 0.21 1.373 0.043 0.043  4.1 3.3 3.3 
2366 5356 31  40  8.22 0.28 0.22  1.94  5.48 0.12 0.10 0.789 0.025 0.023 -0.2 3.1 2.9 
2462 5385 32  40  7.98 0.20 0.21  1.45  5.34 0.10 0.10 0.768 0.022 0.023 -3.5 2.8 2.8 
2506 6111 44  56 23.80 0.49 0.25  1.26  7.16 0.14 0.12 1.030 0.031 0.029  0.5 3.0 2.8 
2644 5680 36  46 12.06 0.32 0.22  1.15  5.90 0.12 0.10 0.849 0.025 0.024 -3.0 2.9 2.7 
2665 5362 33  41  9.77 0.19 0.19  0.78  5.96 0.10 0.10 0.858 0.024 0.024  8.4 3.0 3.1 
2741 4811 23  29  3.53 0.26 0.30 14.15  4.44 0.17 0.19 0.640 0.029 0.031 -6.4 4.2 4.6 
2786 6074 44  55 22.53 0.46 0.23  1.11  7.05 0.14 0.12 1.015 0.030 0.029  0.5 3.0 2.8 
2870 4887 26  32  3.92 0.21 0.26  8.08  4.54 0.13 0.16 0.654 0.024 0.027 -6.4 3.4 3.9 
2880 5198 28  36  7.12 0.19 0.13  0.60  5.41 0.10 0.08 0.779 0.022 0.021  2.9 3.0 2.8 
3019 4325 18  22  2.33 0.12 0.13  9.22  4.47 0.12 0.13 0.644 0.023 0.024  2.7 3.6 3.8 
3031 7048 64  81 86.19 1.15 0.00  0.68 10.24 0.22 0.21 1.474 0.046 0.045  9.7 3.4 3.3 
3063 4295 18  22  2.29 0.14 0.15  6.12  4.50 0.14 0.15 0.647 0.025 0.026  4.0 4.0 4.2 
3163 4579 22  27  3.87 0.25 0.23  7.42  5.14 0.17 0.16 0.740 0.030 0.029 13.9 4.6 4.4 
3179 6154 44  56 28.14 0.92 0.32  2.34  7.67 0.18 0.13 1.105 0.036 0.031  5.9 3.4 3.0 
3187 4495 20  25  2.70 0.13 0.14  7.58  4.45 0.12 0.13 0.641 0.022 0.023 -0.3 3.4 3.6 
