
1972E	314.84	+30.08	404	190	678	Sd/Irr	-100.0	-38.0	+8.7	UBV	0.056	1
1980N	240.16	-56.63	1760	1633	1653	S0	-20.0	+220.0	-1.0	UBVRI	0.021	2
1981B	292.97	+64.74	1808	1662	2151	Sbc	+42.0	+39.0	-0.2	UBVR	0.018	3, 4
1981D	240.21	-56.69	1760	1633	1653	S0	-100.0	-20.0	-5.3	UBV	0.021	2
1986G	309.54	+19.40	547	301	803	S0	-60.0	+120.0	-5.7	UBVRI	0.115	5
1989B	241.92	+64.42	703	567	1051	Sb	+50.0	-15.0	-2.5	UBVRI	0.032	6
1990N	294.36	+75.98	978	885	1298	Sbc	-1.0	+65.0	-10.4	UBVRI	0.026	7
1990O	37.65	+28.35	9193	9340	9175	Sa	-3.9	+21.8	+0.6	BVRI	0.093	8
1990T	341.50	-31.53	12112	12025	12013	Sa	-1.9	+24.8	+14.9	BVRI	0.053	8
1990Y	232.64	-53.85	11721	11597	11622	E	-5.0	+1.0	+16.2	BVRI	0.008	8
1990af	330.81	-42.20	15169	15059	15056	S0	+7.4	-8.0	-3.1	BV	0.035	8
1991M	30.36	+45.90	2180	2265	2277	Sc	+60.0	+36.0	+1.8	VRI	0.038	9
1991S	214.06	+57.43	16369	16263	16688	Sb	+17.3	+4.4	+10.8	BVRI	0.026	8, 10
1991T	292.60	+65.19	1736	1591	2078	Sbc	+44.0	+26.0	-11.1	UBVRI	0.022	7, 10
1991U	311.82	+36.20	9503	9292	9801	Sbc	+5.8	-2.2	+10.4	BVRI	0.062	8
1991ag	342.56	-31.60	4264	4182	4161	Sb	+22.1	-4.4	+5.6	BVRI	0.062	8
1991bg	278.23	+74.46	1060	955	1391	E	-57.0	+2.0	+0.9	BVRI	0.041	11, 12, 13
1992A	235.90	-54.06	1877	1747	1781	S0	+62.0	-3.0	-7.0	UBVRI	0.018	10, 14
1992G	184.62	+59.84	1565	1541	1827	Sc	-10.0	+27.0	+3.0	VRI	0.020	9
1992J	263.55	+23.50	13371	13077	13708	E/S0	+12.0	-11.9	+14.6	BVI	0.057	8
1992K	306.28	+16.30	3087	2828	3340	Sb	-15.4	-1.9	+13.6	BVI	0.101	8
1992P	295.62	+73.10	7555	7449	7881	Sa	+9.8	-4.3	-0.5	BVI	0.021	8
1992ae	332.70	-41.90	22544	22440	22426	E	+4.0	+2.1	+2.5	BV	0.036	8
1992ag	312.48	+38.30	7465	7260	7765	Sa	0.0	-3.0	-0.4	BVI	0.097	8
1992al	347.33	-38.40	4377	4324	4228	Sb	-12.0	+19.0	-4.9	BVRI	0.034	8
1992aq	1.78	-65.30	30519	30536	30254	Sa	-7.1	+2.4	+2.2	BVI	0.012	8
1992au	319.11	-65.80	18407	18338	18213	E	+8.9	+21.2	+12.6	BVI	0.017	8
1992bc	245.70	-59.60	6056	5933	5936	Sab	-2.0	+16.1	-10.1	BVRI	0.022	8
1992bg	274.61	-18.30	10553	10261	10697	Sa	+5.8	-3.4	+4.3	BVI	0.185	8
1992bh	267.85	-37.30	13490	13254	13518	Sbc	-3.6	+1.9	-0.6	BVI	0.022	8
1992bk	265.01	-48.90	17418	17229	17372	E	+21.1	+11.9	+8.6	BVI	0.015	8
1992bl	344.12	-63.90	13101	13076	12871	S0/Sa	-21.8	+15.3	+3.1	BVI	0.011	8
1992bo	261.88	-80.30	5666	5636	5435	E/S0	-54.7	-47.3	-7.5	BVRI	0.027	8
1992bp	208.83	-51.00	23773	23704	23646	E/S0	-1.4	-5.4	-1.6	BVI	0.069	8
1992br	288.01	-59.40	26442	26306	26319	E	-6.3	+3.6	+1.8	BV	0.026	8
1992bs	240.02	-55.33	19097	18965	18998	Sb	+3.6	-9.0	+2.5	BV	0.011	8
1993B	273.32	+20.46	20866	20563	21191	Sb	+5.4	+0.9	+3.6	BVI	0.079	8
1993H	318.22	+30.33	7165	6962	7430	Sb	+12.3	+1.0	-1.1	BVRI	0.060	8, 10
1993L	5.95	-64.37	1858	1885	1587	Sc	+1.4	-25.0	+17.3	BVRI	0.014	10
1993O	312.41	+28.92	15289	15065	15567	E/S0	+8.4	-14.1	-6.3	BVI	0.053	8
1993ac	149.70	+17.21	14800	14959	14784	E	+31.0	-5.3	+7.0	BVRI	0.163	15
1993ae	144.62	-63.22	5712	5820	5410	E	+22.7	+16.1	+13.8	BVRI	0.038	15
1993ag	268.43	+15.92	14690	14382	15003	E/S0	-6.1	-5.0	-1.7	BVI	0.112	8
1993ah	25.88	-76.77	8842	8892	8543	S0	+8.1	-0.9	+11.8	BVI	0.020	8
1994D	290.15	+70.14	592	469	928	S0	+7.8	-9.0	-13.5	UBVRI	0.022	10, 16, 17, 18
1994M	291.68	+63.03	6943	6788	7289	E	-28.2	+3.4	+3.1	BVRI	0.023	15
1994Q	64.38	+39.67	8672	8871	8670	S0	-3.7	-0.1	+10.8	BVRI	0.017	15
1994S	187.37	+85.14	4525	4501	4806	Sab	-6.9	-14.0	-4.5	BVRI	0.021	15
1994T	318.01	+59.83	10396	10265	10709	Sa	-12.0	+3.8	+0.2	BVRI	0.029	15
1994ae	225.34	+59.66	1301	1175	1637	Sc	+6.1	-29.7	-11.6	UBVRI	0.030	10, 19
1995D	230.02	+39.65	1966	1774	2300	S0	-87.8	+11.8	-6.5	BVRI	0.058	10, 15
1995E	141.99	+30.26	3470	3638	3496	Sb	-20.8	+7.6	-1.9	BVRI	0.027	15
1995ac	58.69	-55.04	14990	15157	14635	Sa	-1.4	-0.9	-5.1	BVRI	0.042	10, 15
1995ak	169.65	-48.98	6811	6875	6589	Sbc	+0.8	-7.1	+3.6	BVRI	0.038	15
1995al	192.17	+50.83	1514	1465	1777	Sbc	-3.1	-14.7	-3.9	UBVRI	0.014	15
1995bd	187.11	-21.66	4377	4364	4326	Sa	-1.0	+22.9	-8.4	BVRI	0.498	15
1996C	99.59	+65.00	8094	8206	8244	Sa	+13.2	-1.8	+2.4	BVRI	0.013	15
1996X	310.23	+35.64	2032	1815	2333	E	-31.7	-51.4	-3.0	UBVRI	0.069	15, 20
1996Z	253.60	+22.55	2254	1971	2584	Sb	-69.9	+2.0	+6.1	BVR	0.064	15
1996ab	43.15	+56.93	37109	37201	37239	Sa	+0.6	+2.0	+1.0	BV	0.032	15
1996ai	101.58	+79.24	873	910	1101	Scd	+2.9	+23.3	-1.1	UBVRI	0.014	15
1996bk	111.25	+54.88	1985	2139	2085	S0	-9.7	-18.1	+3.0	BVRI	0.018	15
1996bl	116.99	-51.30	10793	10990	10447	Sc	+5.6	-3.2	-2.4	BVRI	0.092	15
1996bo	144.46	-48.95	5182	5328	4893	Sc	-2.1	+6.7	-6.2	BVRI	0.077	10, 15
1996bv	157.33	+17.97	4996	5119	5013	Sa	+2.0	-2.0	+5.1	BVRI	0.105	15
1997E	140.20	+25.81	4001	4184	3997	S0	+57.0	-32.0	-2.6	UBVRI	0.124	21
1997Y	124.77	+62.37	4806	4911	4964	Sb	+2.0	-8.0	+2.2	UBVRI	0.017	21
1997bp	301.15	+51.21	2492	2301	2831	Sd/Irr	-20.0	-15.0	-2.1	UBVRI	0.044	10, 21
1997bq	136.29	+39.48	2780	2943	2839	Sbc	-60.0	+50.0	-10.3	UBVRI	0.024	21
1997br	311.84	+40.32	2085	1884	2391	Sd/Irr	+52.0	-21.0	-8.7	UBVRI	0.113	10, 21, 22
1997cn	9.14	+69.51	4855	4846	5092	E	-12.0	+7.0	+5.4	UBVRI	0.027	21, 23
1997cw	113.09	-49.48	5133	5342	4782	Sab	+4.0	+8.0	+12.0	UBVRI	0.073	21
1997dg	103.61	-33.98	9238	9507	8890	\ldots	0.0	+2.0	+0.8	UBVRI	0.078	21
1997do	171.00	+25.26	3034	3084	3140	Sbc	-4.0	-3.0	-6.1	UBVRI	0.063	21
1997dt	87.56	-39.12	2194	2451	1828	Sbc	+1.0	-9.0	-7.9	UBVRI	0.057	21
1998D	63.78	+72.91	3765	3825	3962	Sa	-7.0	-26.0	+32.4	UBVRI	0.015	21
1998V	43.94	+13.34	5268	5464	5148	Sb	+21.0	-21.0	+2.7	UBVRI	0.196	21
1998ab	124.86	+75.19	8134	8181	8354	Sc	+12.0	+2.0	-7.4	UBVRI	0.017	21
1998aq	138.83	+60.26	1184	1274	1354	Sb	+7.0	-18.0	-10.1	UBVRI	0.014	19
1998bp	43.64	+20.48	3127	3312	3048	E	+13.0	-1.0	-1.5	UBVRI	0.076	21
1998bu	234.41	+57.01	855	702	1204	Sab	+55.0	+4.0	-7.7	UBVRI	0.025	24, 25
1998co	41.52	-44.94	5418	5573	5094	S0	+5.0	+2.0	+3.0	UBVRI	0.043	21
1998de	122.03	-35.24	4990	5228	4671	S0	+3.0	+72.0	-8.6	UBVRI	0.057	21, 26
1998dh	82.82	-50.64	2678	2892	2307	Sbc	+10.0	-54.0	-7.8	UBVRI	0.068	21
1998dk	102.85	-62.16	3963	4128	3609	Sc	+3.0	+5.0	+18.9	UBVRI	0.044	21
1998dm	145.97	-67.40	1968	2061	1668	Sc	-37.0	-14.0	+9.9	UBVRI	0.044	21
1998dx	77.67	+26.67	16197	16459	16102	Sb	-12.0	+21.0	+1.2	UBVRI	0.041	21
1998ec	166.29	+20.71	5966	6043	6032	Sb	-20.0	-9.0	+13.3	UBVRI	0.085	21
1998ef	125.88	-30.56	5319	5558	5020	Sa	-2.0	+6.0	-7.3	UBVRI	0.073	21
1998eg	76.46	-42.06	7423	7662	7056	Sc	-25.0	-26.0	-0.1	UBVRI	0.123	21
1998es	143.18	-55.18	3168	3301	2868	S0/Sa	+11.0	0.0	-11.0	UBVRI	0.032	21, 27
1999X	186.58	+39.59	7503	7474	7720	\ldots	+6.0	+4.0	+14.0	UBVRI	0.032	21
1999aa	202.72	+30.31	4330	4227	4572	Sc	+28.0	+1.0	-10.1	UBVRI	0.040	10, 21, 27, 28
1999ac	19.88	+39.94	2848	2904	2943	Scd	-30.0	+24.0	-14.4	UBVRI	0.046	21, 27
1999aw	260.24	+47.45	11392	11168	11763	\ldots	0.0	0.0	-8.2	BVRI	0.032	29
1999by	166.91	+44.11	657	704	827	Sb	+91.0	-96.0	-10.9	UBVRI	0.016	27, 30
1999cc	59.66	+48.74	9392	9549	9452	Sc	+2.0	+17.0	-2.7	UBVRI	0.023	21, 31
1999cl	282.26	+76.50	2281	2187	2605	Sb	+23.0	-46.0	-6.5	UBVRI	0.038	21, 31
1999cp	334.85	+52.71	2845	2737	3115	Scd	+23.0	-52.0	-7.4	BVRI	0.024	28
1999cw	101.77	-67.91	3725	3863	3380	Sab	-2.0	+21.0	+24.0	UBVRI	0.036	21
1999da	89.73	+32.64	3806	4059	3748	E	+1.0	-71.0	-8.7	BVRI	0.056	27, 32
1999dk	137.35	-47.46	4485	4654	4181	Sc	+26.0	+4.0	-0.9	UBVRI	0.054	10, 32
1999dq	152.83	-35.87	4295	4436	4060	Sc	-6.0	-4.0	-10.6	UBVRI	0.110	21, 27
1999ee	6.50	-55.93	3422	3451	3163	Sbc	-10.0	+10.0	-9.5	UBVRI	0.020	33
1999ef	125.72	-50.09	11733	11920	11402	Scd	-10.0	+20.0	+6.8	UBVRI	0.087	21
1999ej	130.44	-28.95	4114	4344	3831	S0/Sa	-20.0	+18.0	+5.3	UBVRI	0.071	21
1999ek	189.40	-8.23	5253	5221	5278	Sbc	-12.0	-12.0	-2.8	UBVRI	0.561	21, 34
1999gd	198.83	+33.98	5535	5451	5775	\ldots	+17.0	+7.0	+3.5	UBVRI	0.041	21
1999gh	255.04	+23.73	2302	2019	2637	E	+16.0	+52.0	+7.4	UBVRI	0.058	21
1999gp	143.25	-19.50	8018	8215	7806	Sb	+10.0	-11.0	-13.0	UBVRI	0.056	21, 27, 32
2000B	166.35	+22.79	5901	5976	5977	E	+19.0	-14.0	+15.7	UBVRI	0.068	21
2000E	100.89	+14.84	1415	1711	1257	Sbc	-26.7	-6.3	-15.5	UBVRI	0.364	35
2000bh	293.74	+40.33	6905	6666	7248	\ldots	-11.0	-8.0	+5.4	BVRI	0.048	36
2000bk	295.29	+55.23	7628	7444	7976	S0	-10.0	+61.0	+12.3	BVRI	0.025	32
2000ca	313.20	+27.83	7080	6857	7352	Sbc	+4.7	+0.6	-2.3	UBVRI	0.067	36
2000ce	149.10	+32.00	4888	5025	4946	Sb	+17.0	+15.0	+7.0	UBVRI	0.057	21, 32
2000cf	99.88	+42.16	10920	11137	10930	\ldots	+4.0	+3.0	+3.2	UBVRI	0.032	21, 31
2000cn	53.44	+23.31	7043	7257	6958	Scd	-7.0	-7.0	-7.8	UBVRI	0.057	21
2000cx	136.50	-52.48	2379	2536	2068	S0	-109.0	-23.0	-8.4	UBVRI	0.082	10, 21, 37, 38
2000dk	126.83	-30.34	5228	5465	4931	E	+9.0	-5.0	-4.5	UBVRI	0.070	21
2000fa	194.17	+15.48	6378	6313	6533	Sd/Irr	+4.0	+7.0	-10.1	UBVRI	0.069	21
2001V	218.92	+77.73	4539	4478	4846	Sb	+28.0	+52.0	-12.9	UBVRI	0.020	39
2001ay	35.98	+68.83	9067	9108	9266	Sb	+9.0	-10.0	-3.0	UBVRI	0.019	40
2001ba	285.39	+28.03	8819	8537	9152	Sb	-22.0	+19.0	-3.5	BVI	0.064	36
2001bt	337.32	-25.87	4388	4275	4332	Sb	+17.1	-14.1	-8.0	BVRI	0.065	34
2001cn	329.65	-24.05	4647	4498	4628	Sc	-17.9	-2.6	+4.7	UBVRI	0.059	34
2001cz	302.11	+23.29	4612	4350	4900	Sbc	-31.4	-0.6	-6.3	BVRI	0.092	34
2001el	251.52	-51.40	1168	1002	1102	Scd	+19.0	-22.0	-10.7	UBVRI	0.014	41
2002bf	156.46	+50.08	7254	7327	7418	Sb	+4.0	+0.6	-9.9	BVRI	0.011	42
2002bo	213.04	+54.85	1293	1184	1609	Sa	-14.2	+11.6	-13.4	UBVRI	0.025	34, 43, 44
2002cx	318.71	+69.14	7184	7085	7494	\ldots	-18.0	+11.0	-5.3	BVRI	0.032	45
2002er	28.67	+25.83	2568	2681	2563	Sc	+4.7	-12.3	-7.5	UBVRI	0.157	46
2003du	101.18	+53.21	1912	2081	1992	Sd/Irr	-13.5	-8.8	-4.7	BVRI	0.010	42