id	alpha(J2000)	delta(J2000)	Date	Slit	I^a
	J	K	Comments
1	11 05 21.36	-77 46 33.0	2014 Apr 19	1	21.92	17.37	14.65	cdots	
2	11 06 18.62	-77 35 17.4	2014 Apr 18	1	22.43	16.70	13.22	cdots	
3	11 06 28.04	-77 35 54.7	2014 Apr 13	1	21.68	16.50	13.31	cdots	
4	11 08 20.20	-77 45 48.6	2014 Apr 13	1	21.50	18.09	15.86	cdots	
5	11 08 23.59	-77 31 29.5	2014 Apr 14	2	22.26	18.65	16.49	cdots	
6	11 08 30.31	-77 31 38.6	2014 Apr 14	2	22.50	17.92	16.05	confirmed member	
7	11 08 30.77	-77 45 50.5	2014 Apr 13	1	21.34	17.77	15.59	cdots	
8	11 08 33.92	-77 46 33.4	2014 Apr 13	1	21.49	18.54	16.68	cdots	
9	11 08 50.38	-77 45 53.0	2014 Apr 13	1	21.26	17.90	16.01	cdots	
10	11 09 11.62	-77 19 26.1	2014 Apr 18	1	21.74	16.56	13.20	cdots	
11	11 09 28.57	-76 33 28.1	2014 Apr 14	1	21.95	16.74	11.93	confirmed member	
12	11 09 32.26	-76 34 39.3	2014 Apr 19	2	22.76	18.52	15.74	cdots	
13	11 09 35.44	-77 17 27.1	2014 Apr 18	1	21.68	16.73	13.60	cdots	
14	11 09 37.38	-76 41 05.7	2014 Apr 17	1	22.71	17.92	15.18	cdots	
15	11 09 51.82	-76 42 18.2	2014 Apr 19	1	22.97	17.93	14.57	cdots	
16	16 08 03.96	-39 10 28.9	2014 Apr 18	1	19.39	16.28	14.21	cdots	
17	16 08 25.87	-39 10 08.0	2014 Apr 17	1	18.13	15.26	13.03	cdots	
18	16 08 30.04	-39 10 01.4	2014 Apr 17	1	15.51	12.69	10.82	cdots	
19	16 08 33.04	-38 52 22.7	2014 Apr 18	1	15.34	12.98	11.74	confirmed member	
20	16 09 42.66	-39 03 20.7	2014 Apr 18	1	18.68	15.54	13.29	cdots	
21	16 09 43.74	-39 07 11.9	2014 Apr 17	1	18.96	15.74	13.23	cdots	
22	16 09 47.20	-39 08 42.4	2014 Apr 19	1	18.92	15.91	13.82	cdots	
23	16 09 52.68	-39 06 40.4	2014 Apr 17	1	17.13	14.45	12.52	cdots	
24	16 10 01.33	-39 06 45.1	2014 Apr 17	1	15.38	12.32	10.52	confirmed member	
25	16 10 05.97	-39 08 06.2	2014 Apr 18	1	18.40	15.54	13.29	cdots	
26	16 10 06.01	-39 04 23.7	2014 Apr 17	1	16.90	12.30	9.59	giant?	
27	16 10 11.71	-39 09 19.8	2014 Apr 17	1	17.81	14.84	12.96	cdots	
28	16 10 13.74	-39 02 34.8	2014 Apr 17	1	17.21	13.49	10.86	giant?	
29	16 10 14.59	-39 02 31.4	2014 Apr 17	1	19.41	15.89	13.58	cdots	
30	16 10 17.86	-39 03 47.1	2014 Apr 17	1	16.26	13.73	11.93	cdots	
31	16 10 30.82	-39 04 04.4	2014 Apr 18	1	17.29	14.66	12.81	cdots	
32	16 10 33.59	-39 08 21.4	2014 Apr 17	1	17.56	14.84	12.54	cdots	
33	16 11 46.57	-39 06 04.7	2014 Apr 17	1	15.39	13.19	11.23	member?	
34	16 12 04.95	-39 06 25.6	2014 Apr 17	1	15.40	13.12	11.51	giant or member	