#             Object_name     Vmag     rmag    Icmag     Kmag      T_VI      T_VK      T_rK      T_IK        Period      A_r       R_o    Tspec       RV     EWHa   D_EWHa    TiO2n  D_TiO2n    TiO5n  D_TiO5n   Tquiet      fs1   Tspot1      fs2   Tspot2 multi      Flag    RAJ2000    DEJ2000
Cl* Melotte 22 AK III-391   11.308   11.059   10.448    9.388   5537.03   5450.10   5404.59   5386.09  -99.00000000 -99.0000 -99.00000  5672.62     6.15  -1.9081  -0.0755   0.9722  -0.0099   0.9400  -0.0151  5672.62    0.326   3515.0    0.300   3595.0     0 1-1-6-0-0  54.004112  24.266083
  Cl* Melotte 22 PELS 189   12.262   11.883   11.197    9.903   5015.07   4984.99   4986.26   4960.15    7.41064978   0.0159   0.38243  5072.62     3.26  -0.9870   0.1472   0.9820   0.0025   0.9430  -0.0071  5015.07    0.000  -9999.0    0.109   3595.0     0 1-1-1-0-0  54.126263  24.012226
 Cl* Melotte 22 AK II-359   10.579   10.458    9.840    9.021   5942.01   5940.74   5790.09   5939.64  -99.00000000 -99.0000 -99.00000  6096.49    -0.55  -2.1853   0.0696   0.9838  -0.0010   0.9571  -0.0014  6096.49    0.057   3545.0    0.048   3615.0     0 1-1-6-0-0  54.395443  24.236599
  Cl* Melotte 22 PELS 015   10.065   10.095    9.420    8.696   6231.92   6225.49   5858.16   6219.78    2.29533386   0.0263   0.19851  6046.38     9.11  -2.1156   0.2509   0.9857   0.0002   0.9508  -0.0084  6231.92    0.000  -9999.0    0.242   3605.0     0 1-1-1-0-0  54.594090  22.499697
  Cl* Melotte 22 PELS 020   10.510   10.337    9.794    9.041   6013.46   6069.36   6049.97   6127.06    2.98619914   0.0087   0.23344  5942.67     4.15  -2.0060   0.1746   0.9845   0.0003   0.9535  -0.0043  6013.46    0.000  -9999.0    0.125   3610.0     0 1-1-1-0-0  54.736942  24.569799
  Cl* Melotte 22 PELS 128   10.261   10.092    9.509    8.660   5901.18   5878.55   5799.05   5862.80  -99.00000000 -99.0000 -99.00000  5892.14     3.01  -2.0808  -0.0080   0.9912   0.0076   0.9597   0.0027  5901.18    0.000  -9999.0    0.000  -9999.0     0 1-1-1-0-0  54.973812  26.716982
  Cl* Melotte 22 PELS 138   11.224   10.969   10.351    9.264   5500.45   5402.36   5353.99   5332.53    6.53096819   0.0092   0.40973  5407.65     9.78  -1.3711   0.2698   0.9766  -0.0049   0.9404  -0.0130  5500.45    0.172   3530.0    0.248   3595.0     0 1-1-1-0-0  55.023949  26.196384
  Cl* Melotte 22 PELS 012   10.901   10.686   10.099    9.148   5724.71   5662.58   5612.98   5618.77    4.46095610   0.0356   0.30737  5605.49     2.97  -1.5777   0.3117   0.9811  -0.0014   0.9529  -0.0028  5724.71    0.065   3540.0    0.072   3610.0     0 1-1-1-0-0  55.143185  23.682613
Cl* Melotte 22 AK III-700   11.140   10.918   10.359    9.395   5798.37   5673.44   5639.03   5588.66    4.12638426   0.0192   0.29351  5687.28     0.73  -1.7067   0.2611   0.9869   0.0039   0.9539  -0.0024  5798.37    0.000  -9999.0    0.067   3610.0     0 1-1-1-0-0  55.149448  26.151411
    Cl* Melotte 22 HCG 39   12.857   12.307   11.618   10.134   4709.55   4687.13   4772.10   4663.78    6.46124268   0.0169   0.29490  4707.59     3.14  -0.2760   0.5958   0.9766   0.0003   0.9417  -0.0049  4709.55    0.000  -9999.0    0.059   3595.0     0 1-1-1-0-0  55.177364  25.705488
    Cl* Melotte 22 DH 166   14.045   13.514   12.407   10.631   4189.53   4192.39   4165.85   4196.58    9.86744118   0.0221   0.37649  4044.11    12.19   0.0291   0.4921   0.9361  -0.0145   0.8773  -0.0269  4189.53    0.179   3390.0    0.198   3500.0     0 1-1-1-1-1  55.307491  23.384953
    Cl* Melotte 22 DH 176   11.178   10.943   10.339    9.313   5603.19   5515.73   5466.43   5456.54    5.45227957   0.0343   0.35707  5475.88     2.80  -1.4978   0.2580   0.9779  -0.0038   0.9491  -0.0053  5603.19    0.148   3530.0    0.122   3605.0     0 1-1-1-0-0  55.365917  23.708357
    Cl* Melotte 22 HCG 65   13.460   12.936   11.730    9.916   4073.54   4092.56   4055.82   4122.89    6.62631083   0.0551   0.23678  3967.69     8.26   1.3192   1.6862   0.8976  -0.0388   0.8306  -0.0461  4073.54    0.375   3255.0    0.301   3435.0     1 1-1-1-1-1  55.515965  24.712622
  Cl* Melotte 22 PELS 028   11.718   11.373   10.570    9.159   4863.24   4816.24   4727.77   4773.41    6.09264803   0.0341   0.29580  4909.61     0.47  -0.4736   0.5246   0.9734  -0.0047   0.9360  -0.0125  4863.24    0.108   3520.0    0.162   3585.0     1 1-1-1-0-0  55.516399  22.426901
     Cl* Melotte 22 SK687   14.686   14.121   13.066   11.174   4211.65   4117.27   4113.67   3969.04  -99.00000000 -99.0000 -99.00000  4191.41    -5.91  -0.4760   0.0049   0.9458  -0.0071   0.8946  -0.0138  4211.65    0.095   3430.0    0.109   3525.0    -1 1-1-1-0-0  55.578609  23.989525
     Cl* Melotte 22 SK671   14.500   13.905   12.578   10.532   3859.82   3795.01   3805.75   3688.19    4.77791882   0.0704   0.15173  3889.78     8.09   2.1244   2.3156   0.8631  -0.0157   0.7877   0.0164  3859.82    0.175   3200.0    0.000  -9999.0     0 1-1-1-1-1  55.674564  24.199537
    Cl* Melotte 22 HCG 85   12.353   12.065   11.167    9.675   4796.83   4719.07   4572.23   4652.20    0.33841735   0.0762   0.01599  4473.02     5.31   1.1204   2.0628   0.9500  -0.0274   0.8989  -0.0490  4796.83    0.428   3445.0    0.445   3535.0     0 1-1-1-0-0  55.676598  23.502871
  Cl* Melotte 22 PELS 030   12.101   11.741   11.046    9.713   5037.46   4959.46   4931.12   4897.61    7.06462717   0.0515   0.36783  5057.18     6.51  -0.8393   0.3159   0.9803   0.0006   0.9450  -0.0053  5037.46    0.000  -9999.0    0.084   3595.0     0 1-1-1-0-0  55.746746  22.900925
    Cl* Melotte 22 DH 249   13.984   13.388   12.338   10.587   4179.61   4204.81   4230.89   4240.76  -99.00000000 -99.0000 -99.00000  4085.18    14.90  -0.0285   0.4264   0.9465  -0.0031   0.9006  -0.0017  4179.61    0.042   3435.0    0.014   3535.0     0 1-1-1-1-1  55.748962  22.424271
    Cl* Melotte 22 DH 257   12.173   11.924   11.092    9.665   4983.34   4858.73   4688.00   4747.94    1.18512344   0.1290   0.06039  4799.52    -0.60   0.2213   1.3261   0.9594  -0.0199   0.9257  -0.0241  4983.34    0.380   3475.0    0.300   3570.0     0 1-1-1-0-0  55.806698  25.270140
  Cl* Melotte 22 PELS 031   11.490   11.240   10.396    9.026   4958.66   4895.39   4727.77   4838.70    2.91898584   0.0289   0.14730  4917.13     2.98  -0.3699   0.7124   0.9734  -0.0056   0.9375  -0.0121  4958.66    0.137   3520.0    0.169   3585.0     1 1-1-1-0-0  55.829269  22.449223
         Cl Melotte 22 97   12.650   12.158   11.400    9.795   4694.25   4593.45   4596.09   4488.50    6.74947643   0.0354   0.30653  4676.71    -0.83  -0.3010   0.5587   0.9620  -0.0141   0.9217  -0.0246  4694.25    0.247   3480.0    0.253   3565.0     0 1-1-1-0-0  55.860924  24.994333
        Cl Melotte 22 174   11.620   11.358   99.000    9.374  -9999.00   5092.59   4981.58  -9999.00    0.47429705   0.0645   0.02583  5022.16    -4.50   0.0090   1.2757   0.9763  -0.0038   0.9432  -0.0075  5151.70    0.110   3525.0    0.126   3595.0     0 1-1-2-0-0  55.951378  25.004387
        Cl Melotte 22 173   10.890   10.619    9.990    8.827   5424.47   5285.68   5230.28   5185.71    5.70946264   0.0197   0.34704  5295.39    -2.26  -1.2380   0.3184   0.9831   0.0016   0.9633   0.0104  5424.47    0.000  -9999.0    0.000  -9999.0     1 1-1-1-0-0  55.951721  25.190042
        Cl Melotte 22 248   11.020   10.816   10.170    9.199   5567.06   5570.22   5486.04   5572.45    4.08920956   0.0345   0.28186  5725.57     2.87  -1.7638   0.1265   0.9859   0.0034   0.9585   0.0028  5725.57    0.000  -9999.0    0.000  -9999.0     0 1-1-6-0-0  56.002472  23.543961
        Cl Melotte 22 253   10.710   10.623    9.910    8.953   5731.28   5657.14   5406.10   5604.87    1.47610497   0.0259   0.10198  5455.33    -3.71  -1.2651   0.6314   0.9772  -0.0054   0.9362  -0.0195  5731.28    0.211   3530.0    0.369   3585.0     0 1-1-1-0-0  56.014748  24.504206
        Cl Melotte 22 250   10.700   10.569    9.970    9.061   5969.97   5823.28   5665.08   5716.03    4.23218918   0.0110   0.32447  5628.14    -4.75  -1.6985   0.4413   1.0056   0.0216   0.9758   0.0184  5969.97    0.000  -9999.0    0.000  -9999.0     0 1-1-1-0-0  56.017681  24.989822
  Cl* Melotte 22 PELS 059   12.554   12.193   11.407   10.007   4864.99   4826.24   4757.84   4790.93    6.92980576   0.0721   0.33669  4810.99     1.47  -0.5670   0.4327   0.9791   0.0010   0.9497   0.0012  4864.99    0.000  -9999.0    0.000  -9999.0     0 1-1-1-0-0  56.021221  25.483807
        Cl Melotte 22 296   11.450   11.230   10.530    9.408   5368.18   5308.92   5187.62   5264.92    2.60863376   0.0419   0.15484  5174.24     1.81  -0.6395   0.8549   0.9768  -0.0046   0.9377  -0.0148  5368.18    0.151   3530.0    0.256   3590.0     0 1-1-1-0-0  56.046692  23.379330
        Cl Melotte 22 293   10.790   10.620   10.020    9.062   5837.37   5696.53   5578.24   5602.55    3.92988992   0.0153   0.28427  5811.36    -0.79  -1.8531   0.1552   0.9887   0.0055   0.9576   0.0011  5837.37    0.000  -9999.0    0.000  -9999.0     0 1-1-1-0-0  56.057980  24.779388
        Cl Melotte 22 314   10.600   10.545    9.850    8.900   5907.84   5734.56   5443.81   5621.08    1.47850907   0.0478   0.11022  5471.96    -0.18  -0.9645   1.1149   0.9875   0.0039   0.9511  -0.0059  5907.84    0.000  -9999.0    0.157   3605.0     0 1-1-1-0-0  56.083687  24.796156
        Cl Melotte 22 324   13.010   99.000   11.700   10.070   4610.77   4533.13  -9999.00   4452.29    0.41188955   0.1306   0.01820  4483.46     2.61   1.1792   1.9737   0.9454  -0.0290   0.8885  -0.0559  4610.77    0.402   3425.0    0.441   3520.0     0 1-1-1-0-0  56.091270  24.768408
        Cl Melotte 22 335   13.740   13.263   12.130   10.218   4223.91   4109.55   4036.78   3929.77    0.35684142   0.1091   0.01381  3965.14    12.40   1.2156   1.7064   0.8998  -0.0543   0.8287  -0.0819  4223.91    0.500   3265.0    0.481   3435.0     0 1-1-1-1-1  56.096096  24.068304
        Cl Melotte 22 345   11.461   11.181   10.520    9.266   5313.53   5142.14   5066.89   5026.71    0.84290117   0.0231   0.04897  5034.08    -4.18   0.0696   1.5048   0.9808  -0.0002   0.9354  -0.0165  5313.53    0.010   3540.0    0.271   3585.0     0 1-1-1-0-0  56.109486  24.589705
        Cl Melotte 22 380   13.330   12.771   11.940   10.239   4499.47   4425.59   4446.98   4328.42    9.03288174   0.0859   0.38482  4311.93     1.09  -0.0533   0.6551   0.9608  -0.0107   0.9314  -0.0092  4499.47    0.169   3480.0    0.090   3580.0     0 1-1-1-0-0  56.155899  25.137793
  Cl* Melotte 22 PELS 038   11.102   10.877   10.211    9.127   5449.80   5384.46   5290.00   5338.32  -99.00000000 -99.0000 -99.00000  5641.53    18.10  -1.6918   0.1066   0.9790  -0.0029   0.9431  -0.0117  5641.53    0.119   3530.0    0.243   3595.0     0 1-1-6-0-0  56.165276  22.113310
  Cl* Melotte 22 PELS 041   12.206   11.721   11.144    9.740   5021.78   4893.72   4985.09   4784.56    6.77466106   0.0577   0.35054  5075.95     0.76  -0.8172   0.3232   0.9808   0.0012   0.9529   0.0027  5021.78    0.000  -9999.0    0.000  -9999.0     0 1-1-1-0-0  56.183105  25.499289
  Cl* Melotte 22 PELS 137   12.436   12.111   11.291    9.929   4868.48   4859.56   4762.23   4851.43    8.64575768   0.0247   0.42065  4702.78     4.95  -0.5875   0.4152   0.9775  -0.0006   0.9500   0.0014  4868.48    0.015   3530.0    0.000  -9999.0     0 1-1-1-0-0  56.220917  26.142029
        Cl Melotte 22 476   10.780   10.604    9.870    8.816   6344.58   6338.19   6203.64   6332.52    2.42728496   0.0083   0.22132  6019.46    -1.18  -2.1025   0.3493   0.9890   0.0032   0.9572  -0.0026  6344.58    0.000  -9999.0    0.094   3615.0     0 1-1-1-0-0  56.224304  23.921267
        Cl Melotte 22 514   10.730   10.550    9.970    9.041   5872.82   5750.56   5663.35   5669.71    3.79041576   0.0236   0.27837  5817.01    -0.63  -1.8129   0.2315   0.9890   0.0056   0.9616   0.0048  5872.82    0.000  -9999.0    0.000  -9999.0     0 1-1-1-0-0  56.266689  25.257841
        Cl Melotte 22 625   12.680   12.192   11.240    9.402   5088.95   4976.19   4944.28   4891.24    0.42690080   0.0350   0.02268  5017.62     3.59  -0.0027   1.2019   0.9823   0.0024   0.9506   0.0001  5088.95    0.000  -9999.0    0.000  -9999.0     0 1-1-1-0-0  56.338284  23.727499
        Cl Melotte 22 676   13.385   12.929   11.891   10.341   4680.34   4847.90   4807.19   5014.69    7.09222317   0.0211   0.35573  4943.46    -4.38  -0.1310   0.9376   0.9569  -0.0220   0.9211  -0.0283  4943.46    0.398   3470.0    0.330   3565.0     0 1-1-6-0-0  56.373203  23.760529
        Cl Melotte 22 740   13.400   13.122   12.110   10.504   4638.60   4564.36   4377.90   4487.05    2.77192235   0.1106   0.12363  4434.09    -0.51   1.2522   2.0683   0.9467  -0.0283   0.9122  -0.0329  4638.60    0.401   3435.0    0.306   3550.0    -1 1-1-1-0-0  56.426872  25.057091
        Cl Melotte 22 793   14.270   13.649   12.510   10.701   4038.19   4073.55   4112.85   4132.77    0.90418780   0.0133   0.03153  3999.38     6.84   0.0389   0.3761   0.9216  -0.0086   0.8474  -0.0168  4038.19    0.103   3330.0    0.124   3460.0     0 1-1-1-1-1  56.453922  23.852869
    Cl* Melotte 22 DH 423   11.865   11.486   10.722    9.301   4871.98   4812.07   4758.94   4757.49    8.06937408   0.0131   0.39317  4831.43    -2.77  -0.8300   0.1757   0.9822   0.0041   0.9457  -0.0029  4871.98    0.000  -9999.0    0.042   3600.0     1 1-1-1-0-0  56.539562  26.138826
        Cl Melotte 22 996   10.410   10.319    9.710    8.923   6063.17   6043.00   5863.53   6025.57    3.08777070   0.0188   0.24674  5906.34     1.39  -1.9351   0.2905   0.9843  -0.0003   0.9503  -0.0080  6063.17    0.016   3550.0    0.218   3605.0     0 1-1-1-0-0  56.594479  24.570177
       Cl Melotte 22 1039   13.020   12.616   11.520    9.821   4744.40   4810.41   4691.54   4870.54    5.21726751   0.0246   0.26234  4949.73     4.42  -0.2542   0.8200   0.9679  -0.0111   0.9370  -0.0125  4949.73    0.242   3500.0    0.171   3585.0     0 1-1-6-0-0  56.615738  23.592699
       Cl Melotte 22 1032   11.100   10.910   10.260    9.159   5599.90   5425.04   5288.58   5305.48    1.32333028   0.0417   0.08654  5333.88     1.50  -0.8104   0.9417   0.9777  -0.0040   0.9362  -0.0182  5599.90    0.154   3530.0    0.333   3585.0     0 1-1-1-0-0  56.618378  24.433918
       Cl Melotte 22 1061   14.210   13.679   12.390   10.338   3971.51   3858.14   3825.96   3678.23    2.42404413   0.0267   0.08127  3878.72     8.49   1.5024   1.7834   0.8672  -0.0463   0.7808  -0.0520  3971.51    0.417   3205.0    0.339   3360.0     0 1-1-1-1-1  56.629910  24.117350
       Cl Melotte 22 1100   12.250   11.851   10.970    9.400   4652.51   4597.00   4518.32   4539.20    7.50251722   0.0233   0.33615  4513.05     1.90   0.3080   1.1349   0.9615  -0.0138   0.9125  -0.0329  4652.51    0.236   3480.0    0.309   3555.0     1 1-1-1-0-0  56.655285  24.343527
       Cl Melotte 22 1101   10.250   10.127    9.550    8.763   6063.17   6043.00   5921.71   6025.57    2.32175088   0.0141   0.18553  6051.26     1.33  -2.1073   0.1183   0.9901   0.0055   0.9595   0.0012  6063.17    0.000  -9999.0    0.000  -9999.0     0 1-1-1-0-0  56.661587  24.959629
       Cl Melotte 22 1124   12.320   12.005   11.240    9.859   4985.23   4897.89   4801.71   4821.18    6.41557980   0.0164   0.32719  4890.49     0.33  -0.6023   0.5042   0.9725  -0.0068   0.9319  -0.0180  4985.23    0.165   3515.0    0.238   3580.0     0 1-1-1-0-0  56.664104  24.029688
       Cl Melotte 22 1136   12.180   11.918   10.930    9.340   5097.91   4998.19   4792.93   4924.68    0.52353203   0.1211   0.02792  4960.91     3.59   0.2574   1.4708   0.9637  -0.0162   0.9324  -0.0181  5097.91    0.351   3490.0    0.258   3580.0     0 1-1-1-0-0  56.667671  23.497789
       Cl Melotte 22 1182   10.480   10.317    9.770    8.928   6032.10   5949.38   5876.07   5880.07    2.99605465   0.0204   0.23615  5889.86     1.98  -1.9245   0.2732   0.9864   0.0021   0.9523  -0.0056  6032.10    0.000  -9999.0    0.162   3610.0     0 1-1-1-0-0  56.696087  22.914593
       Cl Melotte 22 1220   11.740   11.515   99.000    9.719  -9999.00   5332.16   5224.59  -9999.00    6.15460730   0.0208   0.36960  5290.20     4.65  -1.2470   0.2776   0.9822   0.0007   0.9535   0.0007  5395.71    0.000  -9999.0    0.000  -9999.0     0 1-1-2-0-0  56.721920  22.880943
       Cl Melotte 22 1215   10.550   10.392    9.850    8.996   6063.17   5946.50   5863.53   5850.47  -99.00000000 -99.0000 -99.00000  5888.84    -0.11  -1.9637   0.2619   0.9875   0.0029   0.9552  -0.0030  6063.17    0.000  -9999.0    0.094   3610.0     0 1-1-1-0-0  56.723911  23.583599
       Cl Melotte 22 1207   10.490   10.465    9.790    8.977   6063.17   6005.56   5699.82   5955.75  -99.00000000 -99.0000 -99.00000  5722.76     1.76  -1.6531   0.5725   0.9857   0.0011   0.9495  -0.0088  6063.17    0.000  -9999.0    0.235   3605.0     0 1-1-1-0-0  56.728828  24.796349
       Cl Melotte 22 1275   11.450   11.269   10.580    9.534   5508.89   5454.87   5311.33   5415.10    5.97239828   0.0518   0.37600  5359.78    -1.56  -1.3576   0.2928   0.9834   0.0019   0.9501  -0.0034  5508.89    0.000  -9999.0    0.078   3605.0     0 1-1-1-0-0  56.755909  23.494984
       Cl Melotte 22 1306   13.510   12.831   99.000    9.902  -9999.00   4044.90   4128.34  -9999.00    2.65052438   0.0413   0.09538  4001.49     7.75   1.1735   1.5498   0.9132  -0.0249   0.8498  -0.0302  4084.63    0.268   3295.0    0.211   3465.0     1 1-1-2-1-1  56.785580  23.710819
  Cl* Melotte 22 PELS 142   11.524   11.350   10.593    9.517   5339.45   5347.66   5171.98   5353.78    4.14522648   0.0427   0.24327  5128.94     1.95  -0.7302   0.7329   0.9781  -0.0031   0.9392  -0.0130  5339.45    0.105   3530.0    0.227   3590.0     0 1-1-1-0-0  56.811691  25.371840
       Cl Melotte 22 1454   12.809   12.422   11.527   10.128   4649.73   4716.94   4657.07   4792.52    8.40559769   0.0248   0.37627  4519.06     2.88   0.0140   0.8388   0.9635  -0.0118   0.9244  -0.0210  4649.73    0.206   3490.0    0.214   3570.0     0 1-1-1-0-0  56.890320  24.684223
       Cl Melotte 22 1512   13.510   13.126   12.100   10.325   4471.65   4357.79   4230.89   4198.38    8.36686230   0.0791   0.35315  4059.30    10.97   0.6465   1.3333   0.9373  -0.0333   0.8853  -0.0538  4471.65    0.408   3395.0    0.398   3515.0     0 1-1-1-1-1  56.908363  23.468056
       Cl Melotte 22 1553   12.490   11.872   11.140    9.356   4555.12   4394.57   4460.88   4182.15    0.44554824   0.0213   0.01934  4516.15     5.77   0.8932   1.6447   0.9360  -0.0370   0.8961  -0.0466  4555.12    0.458   3390.0    0.377   3530.0     1 1-1-1-0-0  56.920734  22.930014
       Cl Melotte 22 1531   13.580   13.041   12.110   10.312   4395.47   4297.92   4288.73   4154.49    0.48300323   0.0951   0.01986  4033.83     1.79   1.6009   2.2281   0.9368  -0.0304   0.8820  -0.0515  4395.47    0.368   3395.0    0.371   3510.0     0 1-1-1-0-0  56.922657  23.971945
       Cl Melotte 22 1653   13.510   12.876   12.000   10.159   4346.45   4238.05   4298.37   4069.67    0.73655438   0.0280   0.02977  4269.43     3.75   1.2042   1.7928   0.9320  -0.0322   0.8780  -0.0505  4346.45    0.373   3375.0    0.357   3505.0     0 1-1-1-0-0  56.998894  24.731342
       Cl Melotte 22 1756   14.100   13.761   12.480   10.686   4211.65   4192.39   4013.50   4162.40    1.15276766   0.0340   0.04440  3978.58     4.56   0.9518   1.4327   0.9084  -0.0445   0.8362  -0.0722  4211.65    0.438   3285.0    0.439   3445.0     0 1-1-1-1-1  57.045776  23.507023
       Cl Melotte 22 1797   10.130   99.000    9.480    8.736   6213.75   6185.37  -9999.00   6155.81  -99.00000000 -99.0000 -99.00000  6115.66     5.74  -2.1583   0.1939   0.9906   0.0052   0.9584  -0.0007  6213.75    0.000  -9999.0    0.026   3615.0     0 1-1-1-0-0  57.070457  23.636806
       Cl Melotte 22 1794   10.400   10.248    9.720    8.891   6123.15   6011.32   5934.91   5912.79    3.84662962   0.0223   0.31620  5935.79     5.61  -2.0395   0.2383   0.9844  -0.0006   0.9492  -0.0095  6123.15    0.035   3550.0    0.256   3605.0     0 1-1-1-0-0  57.071342  23.890385
       Cl Melotte 22 1776   10.940   10.698   10.150    9.158   5766.47   5623.19   5609.50   5526.98    4.49408197   0.0370   0.31527  5667.14     2.10  -1.6713   0.2628   0.9864   0.0036   0.9549  -0.0011  5766.47    0.000  -9999.0    0.033   3610.0     0 1-1-1-0-0  57.073719  25.047886
       Cl Melotte 22 1883   12.660   12.331   11.430    9.836   4722.07   4615.45   4479.44   4504.44    0.23533495   0.0585   0.01078  4514.99     4.62   1.1088   1.9905   0.9509  -0.0255   0.9043  -0.0425  4722.07    0.392   3445.0    0.389   3540.0     0 1-1-1-0-0  57.116787  23.300774
       Cl Melotte 22 2034   12.650   12.232   11.500    9.992   4859.75   4733.75   4704.79   4629.02    0.55085230   0.0579   0.02671  4769.24     1.48   0.4303   1.4255   0.9615  -0.0165   0.9192  -0.0293  4859.75    0.311   3480.0    0.322   3560.0     0 1-1-1-0-0  57.205509  23.977320
       Cl Melotte 22 2082   13.910   13.379   12.330   10.571   4260.67   4246.71   4225.27   4226.73   12.02390194   0.0160   0.47137  4082.72   -38.17  -0.2876   0.2328   0.9487  -0.0087   0.8974  -0.0194  4260.67    0.119   3435.0    0.152   3530.0     0 1-1-1-1-1  57.245682  25.103958
       Cl Melotte 22 2126   11.710   11.463   10.800    9.657   5396.33   5296.74   5210.37   5224.35    3.05658102   0.0178   0.18360  5251.40     3.90  -1.2423   0.2830   0.9833   0.0018   0.9520  -0.0008  5396.33    0.000  -9999.0    0.017   3610.0     0 1-1-1-0-0  57.259705  23.252468
       Cl Melotte 22 2172   10.440   10.319    9.740    8.949   6063.17   6037.24   5910.39   6014.83    4.66737556   0.0159   0.37297  5969.90     6.14  -2.0349   0.1907   0.9861   0.0015   0.9504  -0.0079  6063.17    0.000  -9999.0    0.215   3605.0     0 1-1-1-0-0  57.298859  24.636606
       Cl Melotte 22 2278   10.940   10.581   10.000    8.805   5316.12   5205.98   5253.03   5127.99  -99.00000000 -99.0000 -99.00000  5235.23     1.97  -1.0861   0.3518   0.9842   0.0031   0.9457  -0.0063  5316.12    0.000  -9999.0    0.120   3600.0     1 1-1-1-0-0  57.357094  24.937620
       Cl Melotte 22 2548   14.030   13.466   12.390   10.586   4187.07   4169.79   4168.29   4142.64    6.43833017   0.0384   0.24539  4007.25    11.98   0.6311   1.0921   0.9155  -0.0349   0.8538  -0.0500  4187.07    0.365   3305.0    0.331   3470.0     0 1-1-1-1-1  57.521084  24.123985
       Cl Melotte 22 2786   10.290   10.100    9.610    8.853   6123.15   6118.86   6153.93   6114.28    2.16659808   0.0158   0.17810  5983.77     2.33  -1.9811   0.2967   0.9869   0.0019   0.9569  -0.0018  6123.15    0.000  -9999.0    0.058   3615.0     0 1-1-1-0-0  57.666985  23.933065
  Cl* Melotte 22 PELS 151   11.148   10.978   10.346    9.400   5724.71   5669.37   5544.87   5630.34  -99.00000000 -99.0000 -99.00000  5886.28     5.83  -2.0621  -0.0041   0.9828  -0.0007   0.9539  -0.0030  5886.28    0.035   3540.0    0.083   3610.0     0 1-1-6-0-0  57.681179  26.041243
    Cl* Melotte 22 DH 686   12.772   12.284   11.545    9.987   4726.25   4643.13   4654.42   4556.59    5.15798044   0.0974   0.23668  4714.33     9.18  -0.0093   0.8758   0.9723  -0.0042   0.9312  -0.0157  4726.25    0.088   3515.0    0.177   3580.0     0 1-1-1-0-0  57.724388  22.548111
       Cl Melotte 22 2881   11.570   11.040   10.470    9.054   4947.28   4852.06   4979.25   4765.45    5.15798044   0.0305   0.25911  5024.37     9.60  -0.6211   0.4509   0.9732  -0.0057   0.9389  -0.0105  4947.28    0.138   3520.0    0.148   3590.0     1 1-1-1-0-0  57.726337  23.834896
       Cl Melotte 22 3019   13.530   12.714   12.080   10.278   4419.98   4309.46   4531.58   4146.59    5.46870232   0.0446   0.22678  4360.03     8.79   0.1440   0.7904   0.9612  -0.0073   0.9208  -0.0148  4419.98    0.112   3480.0    0.132   3565.0     0 1-1-1-0-0  57.851673  24.087425
  Cl* Melotte 22 PELS 071   11.397   11.105   10.516    9.439   5477.94   5404.75   5412.13   5351.85    4.13578415   0.0299   0.25706  5416.61     6.83  -1.1711   0.4447   0.9806  -0.0009   0.9503  -0.0029  5477.94    0.034   3535.0    0.065   3605.0     0 1-1-1-0-0  58.348740  24.065062
    Cl* Melotte 22 DH 800   12.875   12.422   11.444    9.805   4443.26   4440.73   4378.70   4437.12  -99.00000000 -99.0000 -99.00000  4011.78     4.64   0.4603   1.1250   0.9136  -0.0559   0.8576  -0.0797  4443.26    0.556   3295.0    0.511   3475.0     1 1-1-1-1-1  58.578457  25.495296
   Cl* Melotte 22 HCG 495   13.167   12.589   11.587    9.831   4260.67   4248.87   4265.43   4231.99  -99.00000000 -99.0000 -99.00000  4069.16     6.44   0.1479   0.6683   0.9394  -0.0180   0.8907  -0.0261  4260.67    0.226   3405.0    0.199   3520.0     1 1-1-1-1-1  58.718990  24.576248
  Cl* Melotte 22 PELS 162   12.113   11.813   11.094    9.861   5118.06   5086.76   5020.04   5062.76  -99.00000000 -99.0000 -99.00000  5063.38    -0.41  -0.8763   0.3569   0.9687  -0.0113   0.9397  -0.0109  5118.06    0.272   3505.0    0.171   3595.0     0 1-1-1-0-0  59.388798  24.053190
    Cl* Melotte 22 DH 875   14.333   13.754   12.541   10.562   4002.17   3929.15   3930.61   3800.75  -99.00000000 -99.0000 -99.00000  3974.40     4.74   2.1847   2.4915   0.8970  -0.0250   0.8341  -0.0143  4002.17    0.261   3255.0    0.107   3440.0     0 1-1-1-1-1  59.845402  22.571362
      J035630.59+230215.1   11.243   10.984   99.000    9.343  -9999.00   5473.97   5449.84  -9999.00  -99.00000000 -99.0000 -99.00000  5771.10    33.73  -1.7975   0.1415   0.9737  -0.0091   0.9493  -0.0068  5771.10    0.319   3520.0    0.166   3605.0     0 2-1-7-0-0  59.127462  23.037527
      J035535.79+263216.3   12.299   11.911   99.000   10.002  -9999.00   5043.03   5074.49  -9999.00  -99.00000000 -99.0000 -99.00000  5132.15    -2.72  -1.1546   0.0620   0.9702  -0.0098   0.9370  -0.0136  5101.23    0.239   3510.0    0.203   3585.0     0 2-1-2-0-0  58.899120  26.537852
      J040528.53+234017.8   12.730   12.278   99.000    9.732  -9999.00   4491.97   4435.73  -9999.00  -99.00000000 -99.0000 -99.00000  4494.34    29.11  -0.8990  -0.1592   0.9687  -0.0040   0.9313  -0.0109  4539.97    0.070   3505.0    0.110   3580.0     0 2-1-2-0-0  61.368862  23.671614
      J035731.12+224042.9   11.677   11.237   99.000    8.813  -9999.00   4587.07   4542.18  -9999.00  -99.00000000 -99.0000 -99.00000  4975.38   -13.01  -1.3182  -0.2207   0.9772  -0.0020   0.9487  -0.0011  4975.38    0.055   3530.0    0.016   3605.0    10 2-1-7-0-0  59.379654  22.678569
      J035827.08+244132.9   10.219    9.953   99.000    8.682  -9999.00   5970.99   6102.07  -9999.00  -99.00000000 -99.0000 -99.00000  6237.10    21.31  -2.3247   0.0458   0.9743  -0.0112   0.9507  -0.0085  6237.10    0.430   3520.0    0.248   3605.0     0 2-1-7-0-0  59.612827  24.692469
      J034704.05+215816.5   12.341   11.957   99.000    9.877  -9999.00   4895.39   4874.09  -9999.00  -99.00000000 -99.0000 -99.00000  5039.90   -67.09  -1.1618  -0.0866   0.9770  -0.0020   0.9375  -0.0120  4950.85    0.050   3530.0    0.166   3585.0     0 2-1-2-0-0  56.766861  21.971246
      J040443.86+253333.0   99.000   14.906   99.000   11.715  -9999.00  -9999.00   3931.31  -9999.00  -99.00000000 -99.0000 -99.00000  3986.50   -38.37  -0.3412  -0.0552   0.9150  -0.0002   0.8433   0.0074  3977.48    0.003   3305.0    0.000  -9999.0    -1 2-1-3-1-1  61.182764  25.559172
      J035537.61+281547.4   10.756   10.433   99.000    8.740  -9999.00   5337.70   5371.40  -9999.00  -99.00000000 -99.0000 -99.00000  5582.08    -3.68  -1.7762  -0.0440   0.9607  -0.0209   0.9365  -0.0177  5582.08    0.503   3480.0    0.324   3585.0     1 2-1-7-0-0  58.906691  28.263157
      J034412.75+240154.1   99.000   11.879   99.000    9.550  -9999.00  -9999.00   4626.14  -9999.00    0.11731773   0.0014   0.00538  4792.71    -1.10   0.1787   1.0622   0.9462  -0.0303   0.8867  -0.0601  4724.27    0.440   3435.0    0.489   3515.0     1 2-1-3-0-0  56.053122  24.031689
      J040619.96+224410.6   12.412   11.916   99.000    9.312  -9999.00   4419.10   4389.14  -9999.00  -99.00000000 -99.0000 -99.00000  4372.30     1.52   0.0677   0.7499   0.9500  -0.0203   0.9020  -0.0368  4465.75    0.283   3445.0    0.298   3535.0     1 2-1-2-0-0  61.583147  22.736282
      J034534.62+291011.0   10.864   10.519   99.000    8.927  -9999.00   5429.81   5523.75  -9999.00  -99.00000000 -99.0000 -99.00000  5890.56    49.47  -2.1578  -0.0955   0.9875   0.0040   0.9656   0.0087  5890.56    0.000  -9999.0    0.000  -9999.0     0 2-1-7-0-0  56.394256  29.169732
      J034104.41+223154.5   10.218   10.039   99.000    8.747  -9999.00   6066.26   6057.51  -9999.00  -99.00000000 -99.0000 -99.00000  6074.61    43.62  -2.2808   0.0141   0.9883   0.0032   0.9595   0.0007  6143.39    0.000  -9999.0    0.000  -9999.0     0 2-1-2-0-0  55.268372  22.531798
      J034132.47+230941.8   12.780   12.491   99.000   10.122  -9999.00   4733.75   4590.79  -9999.00    6.65058279   0.0439   0.31279  4581.82     1.03  -0.2830   0.6507   0.9697  -0.0076   0.9299  -0.0179  4786.23    0.156   3505.0    0.207   3575.0     0 2-1-2-0-0  55.385284  23.161611
      J035647.81+224608.0   14.373   13.770   99.000   10.723  -9999.00   4014.21   4035.26  -9999.00  -99.00000000 -99.0000 -99.00000  3972.84     0.13   0.5520   0.9020   0.8957  -0.0374   0.8328  -0.0371  4053.37    0.362   3255.0    0.252   3440.0     0 2-1-2-1-1  59.199188  22.768877
      J035958.85+232457.5   11.927   11.509   99.000    9.854  -9999.00   5274.61   5428.72  -9999.00  -99.00000000 -99.0000 -99.00000  5375.78    84.12  -1.3962   0.0644   0.9886   0.0074   0.9254  -0.0268  5337.09    0.000  -9999.0    0.388   3570.0    -1 2-1-2-0-0  59.995210  23.415964
      J034157.74+234005.9   13.908   13.438   99.000   11.328  -9999.00   4798.74   4841.19  -9999.00  -99.00000000 -99.0000 -99.00000  5424.45    19.79  -1.6155  -0.0592   0.9844   0.0029   0.9607   0.0078  5424.45    0.000  -9999.0    0.000  -9999.0    -1 2-1-7-0-0  55.490603  23.668310
      J034141.60+242000.4   10.871   10.432   99.000    8.445  -9999.00   4927.05   4978.08  -9999.00  -99.00000000 -99.0000 -99.00000  5120.98   -12.33  -1.2027   0.0334   0.9764  -0.0036   0.9486  -0.0020  5120.98    0.103   3525.0    0.035   3605.0    10 2-1-7-0-0  55.423338  24.333456
      J035425.24+242136.1   11.000   10.799   99.000    9.094  -9999.00   5466.81   5353.99  -9999.00  -99.00000000 -99.0000 -99.00000  5218.70     1.81  -0.5297   1.1475   0.9743  -0.0072   0.9379  -0.0158  5532.84    0.242   3520.0    0.292   3590.0     0 2-1-2-0-0  58.605175  24.360032
      J035343.83+241328.7   13.064   12.617   99.000   10.223  -9999.00   4603.39   4568.70  -9999.00  -99.00000000 -99.0000 -99.00000  4614.53   -34.33  -0.6452   0.1825   0.9479  -0.0275   0.9042  -0.0413  4653.45    0.397   3435.0    0.366   3540.0     0 2-1-2-0-0  58.432609  24.224636
      J035919.03+242044.5   13.084   12.709   99.000   10.434  -9999.00   4740.42   4673.86  -9999.00  -99.00000000 -99.0000 -99.00000  4868.27     4.41  -0.8955   0.0437   0.9750  -0.0024   0.9327  -0.0152  4793.02    0.053   3520.0    0.181   3580.0    -1 2-1-2-0-0  59.829274  24.345691
      J040735.65+251125.5   12.832   12.320   99.000   10.023  -9999.00   4626.10   4654.42  -9999.00  -99.00000000 -99.0000 -99.00000  5107.21    18.65  -1.1846   0.0379   0.9759  -0.0041   0.9382  -0.0124  5107.21    0.113   3525.0    0.190   3590.0     0 2-1-7-0-0  61.898561  25.190415
      J040915.31+250536.6   15.211   14.747   99.000   11.430  -9999.00   3922.12   3842.04  -9999.00  -99.00000000 -99.0000 -99.00000  5208.84    83.89  -1.5665  -0.2417   0.9961   0.0158   0.9833   0.0323  5208.84    0.000  -9999.0    0.000  -9999.0    -1 2-1-7-0-0  62.313803  25.093489
      J034520.58+263656.9   14.285   13.738   99.000   10.757  -9999.00   4104.92   4085.95  -9999.00    1.19526601   0.1132   0.05257  4595.69   -11.98   1.4792   2.2621   0.9251  -0.0489   0.8497  -0.0943  4595.69    0.550   3335.0    0.600   3465.0     0 2-1-7-0-0  56.335754  26.615811
      J034506.34+275318.9   10.191    9.989   99.000    8.848  -9999.00   6269.89   6385.30  -9999.00  -99.00000000 -99.0000 -99.00000  6294.17    23.26  -2.3202   0.1361   0.9864   0.0006   0.9617   0.0018  6350.78    0.000  -9999.0    0.000  -9999.0     0 2-1-2-0-0  56.276419  27.888586
      J035044.89+274028.9   14.254   13.809   99.000   11.520  -9999.00   4679.32   4661.49  -9999.00  -99.00000000 -99.0000 -99.00000  4885.24    15.86  -1.3415  -0.3243   0.9791   0.0008   0.9434  -0.0053  4885.24    0.000  -9999.0    0.076   3595.0    -1 2-1-7-0-0  57.687039  27.674702
      J033644.12+283301.3   12.479   12.046   99.000    9.923  -9999.00   4818.74   4826.93  -9999.00  -99.00000000 -99.0000 -99.00000  4703.12    25.74  -0.7360   0.2704   0.9781  -0.0001   0.9398  -0.0088  4872.78    0.001   3530.0    0.120   3595.0     0 2-1-2-0-0  54.183842  28.550366
      J034048.13+281059.3   13.143   12.584   99.000    9.722  -9999.00   4187.27   4182.92  -9999.00  -99.00000000 -99.0000 -99.00000  3968.07    17.80   1.6879   2.1833   0.8890  -0.0656   0.8297  -0.0819  4229.63    0.560   3240.0    0.482   3435.0     1 2-1-2-1-1  55.200560  28.183139
      J035214.07+282440.9   13.726   13.345   99.000   11.303  -9999.00   4929.55   4915.77  -9999.00  -99.00000000 -99.0000 -99.00000  5220.13    63.89  -0.8561   0.4804   0.9743  -0.0061   0.9416  -0.0095  5220.13    0.176   3520.0    0.162   3595.0    -1 2-1-7-0-0  58.058609  28.411360
      J034834.74+294124.3   13.157   12.717   99.000   10.324  -9999.00   4609.07   4569.58  -9999.00  -99.00000000 -99.0000 -99.00000  4694.77    37.43  -0.8571  -0.0249   0.9817   0.0062   0.9519   0.0063  4659.23    0.000  -9999.0    0.000  -9999.0     0 2-1-2-0-0  57.144752  29.690087
      J035844.71+272343.3   13.154   12.634   99.000   10.153  -9999.00   4489.84   4491.81  -9999.00  -99.00000000 -99.0000 -99.00000  4703.16    -3.54  -0.7301   0.1366   0.9788   0.0026   0.9564   0.0100  4703.16    0.000  -9999.0    0.000  -9999.0     0 2-1-7-0-0  59.686302  27.395362
      J035608.40+275730.8   13.915   13.354   99.000   10.721  -9999.00   4351.29   4365.85  -9999.00  -99.00000000 -99.0000 -99.00000  4338.61   -10.41  -0.5330   0.0952   0.9586  -0.0087   0.9289  -0.0047  4396.69    0.130   3475.0    0.044   3575.0    -1 2-1-2-0-0  59.034981  27.958565
      J034038.81+290523.8   13.932   13.317   99.000   10.311  -9999.00   4035.35   4066.48  -9999.00  -99.00000000 -99.0000 -99.00000  4133.86   -35.64  -0.5859  -0.2177   0.9636   0.0269   0.9325   0.0554  4074.90    0.000  -9999.0    0.000  -9999.0     0 2-1-2-1-1  55.161714  29.089942
    Cl* Melotte 22 DH 077   13.348   12.858   11.972   10.354   4518.95   4494.81   4471.48   4469.67  -99.00000000 -99.0000 -99.00000  4306.18     4.55   0.0907   0.8143   0.9633  -0.0088   0.9234  -0.0181  4518.95    0.140   3487.5    0.170   3570.0     0 1-2-1-0-0  54.446129  28.066071
    Cl* Melotte 22 DH 280   13.916   13.406   12.335   10.614   4259.44   4273.39   4238.12   4293.35    9.50580692   0.0255   0.37249  4061.82     6.18   0.4746   0.9939   0.9405  -0.0168   0.8874  -0.0292  4259.44    0.211   3407.5    0.218   3517.5     0 1-2-1-1-1  55.908592  26.612484
  Cl* Melotte 22 PELS 047   12.053   11.701   11.052    9.805   5158.36   5090.64   5090.95   5038.72    6.43833017   0.0389   0.35150  5082.08     8.51  -0.8815   0.3918   0.9851   0.0050   0.9561   0.0053  5158.36    0.000  -9999.0    0.000  -9999.0     0 1-3-1-0-0  56.308006  26.588402
    Cl* Melotte 22 DH 911   12.316   12.023   11.235    9.947   4983.34   4976.19   4878.48   4970.00  -99.00000000 -99.0000 -99.00000  5263.79    29.91  -1.4241  -0.0419   0.9779  -0.0027   0.9511  -0.0003  5263.79    0.082   3530.0    0.124   3585.0     0 1-2-6-0-0  61.147995  25.120106
      J034648.92+292247.8   11.526   11.077   99.000    9.092  -9999.00   4920.38   4980.42  -9999.00  -99.00000000 -99.0000 -99.00000  4933.78   -34.23  -0.9368   0.1615   0.9759  -0.0033   0.9366  -0.0132  4976.31    0.083   3525.0    0.182   3587.5     1 2-4-2-0-0  56.703821  29.379947
      J034555.73+274900.8   10.948   10.801   99.000    9.721  -9999.00   6473.54   6522.03  -9999.00  -99.00000000 -99.0000 -99.00000  6547.64   -21.13  -2.6200  -0.0135   0.9891   0.0013   0.9674   0.0053  6558.21    0.000  -9999.0    0.000  -9999.0    -1 2-2-2-0-0  56.482204  27.816885
    Cl* Melotte 22 DH 006   99.000   99.000   14.750   12.153  -9999.00  -9999.00  -9999.00   3051.09  -99.00000000 -99.0000 -99.00000  3223.68    -0.18   5.8099   5.5884   0.5805  -0.0621   0.4428  -0.0013  3223.68    0.536   2805.0    0.019   2905.0    10 1-1-9-1-1  52.200249  25.575842
    Cl* Melotte 22 DH 009   99.000   99.000   14.390   11.946  -9999.00  -9999.00  -9999.00   3168.64  -99.00000000 -99.0000 -99.00000  3199.21    -8.86   8.8723   8.6619   0.5740  -0.0765   0.4306  -0.0215  3239.03    0.605   2795.0    0.263   2885.0     0 1-1-4-1-1  52.494766  23.371859
    Cl* Melotte 22 DH 010   99.000   99.000   15.160   12.770  -9999.00  -9999.00  -9999.00   3219.92  -99.00000000 -99.0000 -99.00000  3260.85    -6.31   0.3112   0.1376   0.6550  -0.0218   0.4665  -0.0132  3291.44    0.236   2905.0    0.162   2945.0    -1 1-1-4-1-1  52.534420  22.644163
    Cl* Melotte 22 DH 015   15.341   14.683   13.196   11.091   3656.68   3633.94   3680.21   3590.21    2.41116762   0.0590   0.06964  3638.11     7.10   2.5579   2.6115   0.7983  -0.0179   0.6551  -0.0110  3656.68    0.194   3100.0    0.103   3195.0     0 1-1-1-1-1  52.810955  25.981148
    Cl* Melotte 22 DH 030   99.000   99.000   14.310   12.140  -9999.00  -9999.00  -9999.00   3490.30  -99.00000000 -99.0000 -99.00000  3192.83     4.05   7.1750   7.1752   0.5810  -0.2057   0.4273  -0.1939  3567.74    0.881   2805.0    0.860   2880.0    -1 1-1-4-1-1  53.444305  23.805531
    Cl* Melotte 22 DH 048   16.452   15.802   14.003   11.691   3407.03   3367.96   3398.10   3301.15  -99.00000000 -99.0000 -99.00000  3338.03     1.71   3.8392   3.7418   0.6659  -0.0620   0.5026  -0.0372  3407.03    0.509   2920.0    0.354   3000.0     0 1-1-1-1-1  53.956963  25.080112
     Cl* Melotte 22 HCG 6   16.240   99.000   13.720   11.439   3356.46   3349.44  -9999.00   3336.41    0.20799738   0.0609   0.00465  3352.23     1.54   8.3490   8.2191   0.6655  -0.0413   0.5115  -0.0023  3356.46    0.386   2920.0    0.029   3010.0     0 1-1-1-1-1  54.264439  24.743233
   Cl* Melotte 22 HHJ 242   99.000   99.000   14.800   12.281  -9999.00  -9999.00  -9999.00   3106.91  -99.00000000 -99.0000 -99.00000  3097.01     3.13   6.6894   6.4330   0.5206  -0.0969   0.3744  -0.0452  3175.95    0.701   2720.0    0.490   2795.0     1 1-1-4-1-1  54.299866  26.774736
    Cl* Melotte 22 DH 071   99.000   99.000   14.890   12.540  -9999.00  -9999.00  -9999.00   3260.38  -99.00000000 -99.0000 -99.00000  3107.84     3.93   8.5941   8.4485   0.5457  -0.1506   0.3807  -0.1208  3332.78    0.813   2755.0    0.775   2805.0    -1 1-1-4-1-1  54.359913  24.567097
    Cl* Melotte 22 DH 075   15.068   14.473   12.992   10.842   3716.24   3647.57   3658.23   3520.42    0.32462168   0.0279   0.00967  3731.20    11.48   3.8819   3.9728   0.8143  -0.0208   0.7054   0.0091  3716.24    0.221   3120.0    0.000  -9999.0     0 1-1-1-1-1  54.399998  26.546907
   Cl* Melotte 22 HHJ 295   17.600   99.000   14.500   12.218   3035.14   3130.23  -9999.00   3335.09  -99.00000000 -99.0000 -99.00000  3145.15   -11.83   9.2937   9.0144   0.5357  -0.0654   0.4000  -0.0041  3145.15    0.573   2740.0    0.062   2835.0     1 1-1-6-1-1  54.603271  26.256620
    Cl* Melotte 22 HCG 11   16.584   99.000   13.744   11.320   3158.49   3169.41  -9999.00   3187.63  -99.00000000 -99.0000 -99.00000  3252.52     1.89   6.4800   6.2106   0.5807  -0.0275   0.4599   0.0491  3158.49    0.307   2805.0    0.000  -9999.0     1 1-1-1-1-1  54.680405  25.374271
    Cl* Melotte 22 HCG 16   16.320   99.000   13.573   11.239   3211.88   3234.98  -9999.00   3277.55    0.72479409   0.0557   0.01293  3207.08     3.14   9.4934   9.2634   0.5895  -0.0469   0.4346  -0.0034  3211.88    0.447   2815.0    0.049   2895.0     1 1-1-1-1-1  54.783817  24.770718
   Cl* Melotte 22 HHJ 349   17.157   99.000   14.222   11.759   3109.35   3125.06  -9999.00   3151.82  -99.00000000 -99.0000 -99.00000  3125.81   -10.97   9.7746   9.4683   0.5330  -0.0486   0.3899   0.0040  3109.35    0.482   2735.0    0.000  -9999.0     1 1-1-1-1-1  54.805485  25.730488
   Cl* Melotte 22 HHJ 224   18.200   99.000   14.900   12.725   2950.28   3102.16  -9999.00   3482.77  -99.00000000 -99.0000 -99.00000  3182.80     3.11   5.4341   5.1828   0.5775  -0.0437   0.4216  -0.0015  3182.80    0.430   2800.0    0.022   2870.0    10 1-1-6-1-1  54.843376  26.193405
   Cl* Melotte 22 HHJ 407   15.665   99.000   13.387   11.181   3543.50   3505.92  -9999.00   3436.07  -99.00000000 -99.0000 -99.00000  3507.65    22.54  -0.0758  -0.0900   0.7621  -0.0162   0.5885  -0.0205  3543.50    0.176   3055.0    0.196   3100.0     0 1-1-1-1-1  54.897739  24.118422
    Cl* Melotte 22 HCG 26   15.937   99.000   13.366   11.098   3320.75   3331.85  -9999.00   3353.61    0.27855310   0.0425   0.00594  3315.03     6.59   3.7958   3.6421   0.6528  -0.0380   0.4911  -0.0041  3320.75    0.366   2900.0    0.051   2985.0     1 1-1-1-1-1  55.000751  23.435015
     Cl* Melotte 22 SK785   16.135   99.000   13.742   11.507   3450.31   3430.05  -9999.00   3397.26    7.82590151   0.0858   0.19480  3421.75    -1.31   2.9131   2.8427   0.7143  -0.0304   0.5457  -0.0161  3450.31    0.301   2985.0    0.169   3055.0     0 1-1-1-1-1  55.062073  25.321938
    Cl* Melotte 22 HCG 33   17.018   99.000   14.160   11.664   3148.87   3139.32  -9999.00   3124.59    0.92585880   0.0999   0.01465  3145.53     5.62   7.7595   7.4830   0.5509  -0.0522   0.4027  -0.0032  3148.87    0.495   2760.0    0.051   2840.0     0 1-1-1-1-1  55.096031  25.496622
    Cl* Melotte 22 HCG 34   16.300   99.000   13.860   11.607   3413.44   3399.44  -9999.00   3373.45    4.41754055   0.0789   0.10590  3440.51     8.69   3.3809   3.2876   0.7267  -0.0038   0.5547   0.0116  3413.44    0.045   3005.0    0.000  -9999.0     0 1-1-1-1-1  55.100780  24.584513
     Cl* Melotte 22 SK773   15.235   99.000   13.134   11.057   3694.66   3674.84  -9999.00   3636.71    2.34574819   0.0264   0.06910  3643.64     1.43   3.4235   3.5007   0.7882  -0.0401   0.6570  -0.0283  3694.66    0.374   3085.0    0.238   3195.0     0 1-1-1-1-1  55.131195  23.550671
    Cl* Melotte 22 HCG 44   16.281   15.619   13.770   11.441   3362.87   3331.39   3365.60   3282.91    1.32623017   0.0977   0.02989  3376.43     2.71   4.2715   4.1458   0.6731  -0.0365   0.5200   0.0029  3362.87    0.351   2930.0    0.000  -9999.0     0 1-1-1-1-1  55.229332  22.349735
    Cl* Melotte 22 HCG 49   99.000   99.000   14.760   12.342  -9999.00  -9999.00  -9999.00   3193.33  -99.00000000 -99.0000 -99.00000  3141.81    -0.04   9.2759   9.0834   0.5673  -0.0961   0.3983  -0.0671  3264.27    0.679   2785.0    0.594   2835.0     0 1-1-4-1-1  55.345337  23.930075
    Cl* Melotte 22 HCG 51   16.466   15.870   13.950   11.703   3359.31   3367.03   3370.94   3381.38  -99.00000000 -99.0000 -99.00000  3384.72     9.10   3.4404   3.3124   0.7001  -0.0080   0.5233   0.0080  3359.31    0.092   2965.0    0.000  -9999.0     0 1-1-1-1-1  55.355484  22.548937
     Cl* Melotte 22 SK724   14.583   14.002   12.770   10.870   3979.17   3969.92   3973.12   3953.33   11.07078743   0.0385   0.37252  3893.51    12.39   0.4583   0.7457   0.8859  -0.0298   0.7917  -0.0451  3979.17    0.300   3235.0    0.301   3375.0     0 1-1-1-1-1  55.414906  23.763084
    Cl* Melotte 22 HCG 57   14.625   13.983   12.806   10.852   3972.60   3927.74   3973.82   3847.29   12.10406113   0.0369   0.40601  3946.88    10.05   0.5650   0.8469   0.9006  -0.0132   0.8198  -0.0136  3972.60    0.151   3265.0    0.103   3420.0     0 1-1-1-1-1  55.446171  22.857038
   Cl* Melotte 22 HHJ 357   99.000   99.000   14.000   11.901  -9999.00  -9999.00  -9999.00   3600.17  -99.00000000 -99.0000 -99.00000  3298.01     0.62   5.1384   5.2064   0.6506  -0.1731   0.4826  -0.1953  3680.02    0.834   2900.0    0.838   2970.0    -1 1-1-4-1-1  55.450180  26.789177
    Cl* Melotte 22 HCG 58   14.240   13.593   12.200   10.091   3747.32   3691.31   3730.94   3583.57    0.38263628   0.0625   0.01158  3773.37     4.54   2.5794   2.6906   0.8261  -0.0186   0.7243   0.0121  3747.32    0.201   3140.0    0.000  -9999.0     1 1-1-1-1-1  55.495556  25.329012
    Cl* Melotte 22 HCG 64   16.254   99.000   13.541   11.128   3231.44   3218.85  -9999.00   3198.08  -99.00000000 -99.0000 -99.00000  3273.14     1.94   5.4343   5.2184   0.6365  -0.0101   0.4702   0.0220  3231.44    0.122   2880.0    0.000  -9999.0     1 1-1-1-1-1  55.512192  23.931648
     Cl* Melotte 22 SK708   17.220   99.000   15.040   12.611   3626.46   3440.06  -9999.00   3182.88  -99.00000000 -99.0000 -99.00000  3681.10    43.82   0.0592   0.0944   0.8034  -0.0030   0.6854   0.0346  3626.46    0.035   3105.0    0.000  -9999.0    -1 1-1-1-1-1  55.517284  22.280857
     Cl* Melotte 22 SK698   15.737   99.000   13.286   10.896   3405.60   3330.92  -9999.00   3219.92    0.36333984   0.0793   0.00863  3350.24     3.02   6.4408   6.3425   0.6503  -0.0770   0.5096  -0.0295  3405.60    0.583   2900.0    0.294   3010.0     0 1-1-1-1-1  55.520260  25.663296
    Cl* Melotte 22 HCG 71   14.480   14.042   12.660   10.718   3971.51   3935.47   3837.08   3870.85    2.98619914   0.1460   0.10011  3853.68    15.59   1.7842   2.0652   0.8596  -0.0539   0.7680  -0.0648  3971.51    0.462   3195.0    0.402   3340.0     0 1-1-1-1-1  55.589748  24.664650
    Cl* Melotte 22 HCG 73   17.830   99.000   15.030   12.343   3181.38   3098.59  -9999.00   2993.83  -99.00000000 -99.0000 -99.00000  3153.15     3.81   6.7259   6.4735   0.5609  -0.0595   0.4041  -0.0182  3181.38    0.531   2775.0    0.241   2845.0    -1 1-1-1-1-1  55.609512  24.235518
    Cl* Melotte 22 HCG 75   14.450   13.885   12.640   10.715   3982.46   3954.46   3946.19   3904.24    4.22234678   0.0421   0.14230  3951.66     5.30   1.3775   1.6677   0.9017  -0.0149   0.8232  -0.0153  3982.46    0.168   3270.0    0.116   3425.0     0 1-1-1-1-1  55.609531  22.894669
     Cl* Melotte 22 SK676   16.457   99.000   13.966   11.672   3377.11   3356.85  -9999.00   3320.47  -99.00000000 -99.0000 -99.00000  3370.91     6.63   5.5763   5.4598   0.6784  -0.0373   0.5162  -0.0083  3377.11    0.355   2935.0    0.097   3020.0     0 1-1-1-1-1  55.619373  25.016804
    Cl* Melotte 22 HCG 86   16.765   99.000   13.823   11.388   3105.95   3131.85  -9999.00   3177.19  -99.00000000 -99.0000 -99.00000  3139.01     2.75   7.0278   6.7190   0.5539  -0.0258   0.3978   0.0137  3105.95    0.300   2765.0    0.000  -9999.0     1 1-1-1-1-1  55.676662  23.339376
   Cl* Melotte 22 HCG 101   15.160   14.769   12.960   10.785   3609.19   3563.35   3463.61   3482.77    0.31030750   0.0713   0.00874  3538.21     7.24   4.7084   4.7333   0.7404  -0.0603   0.6050  -0.0371  3609.19    0.496   3025.0    0.313   3125.0     0 1-1-1-1-1  55.767460  22.800989
    Cl* Melotte 22 HCG 97   15.609   15.042   13.070   10.789   3342.92   3340.64   3329.23   3336.41    0.28005695   0.0522   0.00616  3365.67     7.52   4.8848   4.7460   0.6712  -0.0297   0.5166   0.0098  3342.92    0.299   2925.0    0.000  -9999.0     1 1-1-1-1-1  55.773048  24.824587
   Cl* Melotte 22 HCG 102   17.093   99.000   14.202   11.687   3131.24   3122.68  -9999.00   3109.98  -99.00000000 -99.0000 -99.00000  3168.51     7.86   8.1683   7.8785   0.5519  -0.0417   0.4134   0.0164  3131.24    0.427   2765.0    0.000  -9999.0     0 1-1-1-1-1  55.800495  24.745934
   Cl* Melotte 22 HCG 103   15.994   99.000   13.610   11.293   3457.60   3395.74  -9999.00   3295.79    0.25622484   0.0942   0.00642  3460.62     1.72   5.7984   5.7325   0.7126  -0.0349   0.5639  -0.0016  3457.60    0.335   2980.0    0.018   3070.0     0 1-1-1-1-1  55.804447  24.655403
     Cl* Melotte 22 SK642   18.000   99.000   14.600   12.310   2909.11   3043.20  -9999.00   3324.76  -99.00000000 -99.0000 -99.00000  3126.21     6.75   8.9824   8.6888   0.5423  -0.0485   0.3921  -0.0024  3126.21    0.476   2750.0    0.037   2825.0    10 1-1-6-1-1  55.829376  26.078924
   Cl* Melotte 22 HCG 109   17.530   99.000   15.040   12.168   3377.82   3136.72  -9999.00   2887.80  -99.00000000 -99.0000 -99.00000  3191.31     9.34   8.3608   8.2448   0.5877  -0.1283   0.4250  -0.0998  3377.82    0.759   2815.0    0.695   2880.0    -1 1-1-1-1-1  55.867493  24.891973
        Cl Melotte 22 146   14.520   13.955   12.710   10.726   3982.46   3912.98   3904.39   3791.64    3.05144382   0.0447   0.10284  3888.32     2.28   1.7891   2.0793   0.8784  -0.0382   0.7868  -0.0517  3982.46    0.364   3225.0    0.336   3370.0     0 1-1-1-1-1  55.902496  23.453930
   Cl* Melotte 22 HCG 115   16.505   99.000   13.978   11.659   3351.47   3328.61  -9999.00   3293.64  -99.00000000 -99.0000 -99.00000  3311.06     0.54   5.5374   5.4042   0.6428  -0.0618   0.4876  -0.0236  3351.47    0.513   2890.0    0.255   2980.0     0 1-1-1-1-1  55.905468  25.408987
   Cl* Melotte 22 HCG 123   15.430   14.969   13.120   10.955   3517.57   3510.66   3447.37   3497.83    0.96935886   0.0536   0.02559  3399.99    11.24   4.7168   4.6871   0.6896  -0.0796   0.5334  -0.0625  3517.57    0.590   2950.0    0.486   3040.0     0 1-1-1-1-1  55.925556  24.573168
     Cl* Melotte 22 SK618   16.790   99.000   14.181   11.731   3296.65   3243.31  -9999.00   3162.94  -99.00000000 -99.0000 -99.00000  3346.04     5.06   3.6045   3.4344   0.6795   0.0001   0.5069   0.0244  3296.65    0.000  -9999.0    0.000  -9999.0     0 1-1-1-1-1  55.937355  23.055908
   Cl* Melotte 22 HHJ 218   99.000   99.000   15.060   12.599  -9999.00  -9999.00  -9999.00   3153.47  -99.00000000 -99.0000 -99.00000  3139.07    10.19   6.0486   5.8270   0.5682  -0.0743   0.3960  -0.0480  3223.54    0.599   2785.0    0.493   2830.0     0 1-1-4-1-1  55.969906  25.491802
   Cl* Melotte 22 HCG 129   16.147   99.000   13.764   11.511   3458.41   3425.83  -9999.00   3373.45    3.96421218   0.0968   0.09939  3416.78    16.38   3.7478   3.6824   0.7054  -0.0424   0.5393  -0.0266  3458.41    0.389   2970.0    0.260   3045.0     0 1-1-1-1-1  55.986244  24.993528
   Cl* Melotte 22 HCG 134   15.620   15.170   13.380   11.271   3574.66   3577.71   3509.62   3583.57    4.11702776   0.0640   0.11386  3468.67     6.41   3.4084   3.4127   0.7401  -0.0490   0.5676  -0.0571  3574.66    0.431   3025.0    0.443   3075.0     0 1-1-1-1-1  56.009483  25.064943
   Cl* Melotte 22 HCG 141   15.430   14.794   13.210   11.109   3591.93   3593.61   3627.80   3596.85    0.57365221   0.0999   0.01601  3621.59     6.65   2.9898   3.0044   0.7841  -0.0108   0.6452   0.0118  3591.93    0.123   3080.0    0.000  -9999.0     0 1-1-1-1-1  56.036678  23.079908
   Cl* Melotte 22 HCG 140   16.358   99.000   13.845   11.530   3361.44   3336.94  -9999.00   3297.93    1.23847830   0.0642   0.02786  3401.36     9.39   4.4294   4.3028   0.7020  -0.0070   0.5363   0.0199  3361.44    0.081   2965.0    0.000  -9999.0     0 1-1-1-1-1  56.041294  24.267807
   Cl* Melotte 22 HCG 145   16.590   99.000   14.022   11.686   3322.66   3305.10  -9999.00   3275.40  -99.00000000 -99.0000 -99.00000  3348.74     5.20   5.3612   5.2088   0.6746  -0.0171   0.5050   0.0088  3322.66    0.188   2930.0    0.000  -9999.0     0 1-1-1-1-1  56.073944  24.446377
   Cl* Melotte 22 HCG 150   16.660   99.000   14.010   11.651   3270.64   3263.24  -9999.00   3250.72    1.07943463   0.1183   0.02130  3196.97     7.86  11.9177  11.7296   0.5825  -0.0841   0.4293  -0.0395  3270.64    0.631   2805.0    0.413   2885.0     0 1-1-1-1-1  56.106625  24.681362
   Cl* Melotte 22 HCG 156   16.068   99.000   13.692   11.450   3464.08   3435.32  -9999.00   3388.00  -99.00000000 -99.0000 -99.00000  3486.41     9.46   3.2964   3.2344   0.7358  -0.0141   0.5748   0.0060  3464.08    0.155   3015.0    0.000  -9999.0     0 1-1-1-1-1  56.111980  24.408831
   Cl* Melotte 22 HCG 152   15.120   99.000   13.072   10.973   3740.42   3692.45  -9999.00   3600.17    1.79054153   0.0170   0.05400  3771.90     5.18   3.2970   3.4037   0.8404  -0.0021   0.7231   0.0144  3740.42    0.026   3165.0    0.000  -9999.0     0 1-1-1-1-1  56.125286  25.596395
   Cl* Melotte 22 HCG 164   15.746   14.813   13.379   11.036   3471.38   3391.57   3575.95   3267.89    0.31510052   0.0986   0.00799  3493.89     7.20   4.8628   4.8053   0.7277  -0.0249   0.5834   0.0109  3471.38    0.255   3005.0    0.000  -9999.0     0 1-1-1-1-1  56.157413  22.921038
   Cl* Melotte 22 HHJ 183   18.500   99.000   15.100   12.750   2909.11   3027.85  -9999.00   3260.38  -99.00000000 -99.0000 -99.00000  3156.48     7.21   6.0870   5.8161   0.5686  -0.0386   0.4054  -0.0044  3156.48    0.399   2785.0    0.066   2845.0    10 1-1-6-1-1  56.225384  24.446379
   Cl* Melotte 22 HCG 183   16.239   99.000   13.823   11.627   3431.67   3438.48  -9999.00   3451.14  -99.00000000 -99.0000 -99.00000  3360.79     1.40   5.9272   5.8453   0.6705  -0.0671   0.5147  -0.0377  3431.67    0.534   2925.0    0.352   3015.0     0 1-1-1-1-1  56.317177  24.121185
   Cl* Melotte 22 HCG 178   16.200   15.578   13.520   11.179   3251.61   3258.45   3268.30   3270.04    0.68825215   0.0636   0.01317  3261.76     6.17   6.4933   6.2918   0.6148  -0.0422   0.4629   0.0042  3251.61    0.406   2850.0    0.000  -9999.0     1 1-1-1-1-1  56.320770  25.263279
        Cl Melotte 22 590   14.370   13.658   12.650   10.651   4085.77   3965.70   4065.72   3766.24    5.74559832   0.0589   0.20689  3977.08     3.01   0.8783   1.2556   0.9044  -0.0339   0.8345  -0.0459  4085.77    0.341   3275.0    0.301   3445.0     0 1-1-1-1-1  56.325584  25.099545
        Cl Melotte 22 624   15.349   14.762   13.163   11.037   3621.28   3598.72   3605.25   3556.57    1.24784136   0.0546   0.03538  3625.25     8.37   3.4593   3.4914   0.7844  -0.0203   0.6450  -0.0032  3621.28    0.215   3080.0    0.032   3185.0     0 1-1-1-1-1  56.347889  24.850800
     Cl* Melotte 22 SK520   16.590   99.000   14.100   11.691   3377.82   3307.09  -9999.00   3201.88  -99.00000000 -99.0000 -99.00000  3369.63    38.42   0.0869  -0.0291   0.7005  -0.0155   0.5196  -0.0052  3377.82    0.169   2965.0    0.062   3025.0     0 1-1-1-1-1  56.365524  23.170357
    Cl* Melotte 22 DH 394   15.837   15.224   13.371   11.188   3394.92   3419.81   3435.46   3470.72  -99.00000000 -99.0000 -99.00000  3387.77     2.23   1.0364   0.9314   0.7066  -0.0164   0.5257  -0.0079  3394.92    0.178   2975.0    0.091   3030.0     0 1-1-1-1-1  56.370358  27.468779
        Cl Melotte 22 673   15.691   15.062   13.382   11.129   3518.38   3464.82   3491.22   3373.45    2.19276476   0.0854   0.06521  3712.88    11.92   2.5820   2.6707   0.8146  -0.0194   0.6919  -0.0027  3712.88    0.209   3120.0    0.026   3240.0     0 1-1-6-1-1  56.375916  24.312651
   Cl* Melotte 22 HCG 195   15.300   99.000   13.000   10.881   3525.67   3540.17  -9999.00   3567.11    0.37935838   0.0358   0.01008  3536.78     6.85   3.9817   3.9568   0.7351  -0.0370   0.6046   0.0046  3525.67    0.351   3015.0    0.000  -9999.0     0 1-1-1-1-1  56.423695  25.686813
     Cl* Melotte 22 BPL77   99.000   99.000   14.090   11.803  -9999.00  -9999.00  -9999.00   3328.48  -99.00000000 -99.0000 -99.00000  3375.81     6.17   3.7830   3.6827   0.6726  -0.0534   0.5204  -0.0170  3402.37    0.461   2930.0    0.183   3025.0     0 1-1-4-1-1  56.455654  24.418707
   Cl* Melotte 22 HHJ 363   16.700   99.000   13.900   11.816   3181.38   3313.07  -9999.00   3625.08  -99.00000000 -99.0000 -99.00000  3349.28     3.88   5.9389   5.8043   0.6777  -0.0260   0.5064  -0.0037  3349.28    0.268   2935.0    0.045   3005.0     1 1-1-6-1-1  56.517899  23.928019
        Cl Melotte 22 890   14.710   14.182   12.830   10.860   3905.81   3873.61   3838.50   3817.14    5.17267561   0.0915   0.16801  3824.86    10.18   1.9669   2.1940   0.8573  -0.0358   0.7533  -0.0432  3905.81    0.346   3190.0    0.303   3320.0     0 1-1-1-1-1  56.531269  24.374380
     Cl* Melotte 22 BPL93   16.710   99.000   14.221   11.835   3378.54   3316.66  -9999.00   3223.72  -99.00000000 -99.0000 -99.00000  3397.36    12.23   0.3411   0.2256   0.7128  -0.0035   0.5329   0.0077  3378.54    0.041   2980.0    0.000  -9999.0    -1 1-1-1-1-1  56.565964  22.044744
   Cl* Melotte 22 HHJ 367   16.509   99.000   14.004   11.688   3367.14   3340.18  -9999.00   3296.86    5.48522377   0.0837   0.12426  3343.87     7.71   2.8046   2.6817   0.6814  -0.0300   0.5075  -0.0118  3367.14    0.300   2940.0    0.136   3005.0     0 1-1-1-1-1  56.574726  24.686003
     Cl* Melotte 22 SK474   14.820   14.327   12.903   10.968   3865.29   3872.20   3814.59   3884.60    8.98816395   0.0667   0.28620  3826.69     8.52   1.0551   1.2505   0.8624  -0.0180   0.7564  -0.0179  3865.29    0.198   3200.0    0.144   3320.0     0 1-1-1-1-1  56.580929  26.043274
   Cl* Melotte 22 HCG 219   15.830   15.408   13.370   11.136   3399.19   3398.98   3320.86   3398.58    0.32231656   0.0888   0.00759  3338.90     9.96   4.9621   4.8598   0.6584  -0.0664   0.5013  -0.0345  3399.19    0.533   2910.0    0.336   3000.0     0 1-1-1-1-1  56.605766  24.160105
       Cl Melotte 22 1081   14.610   14.166   12.720   10.782   3894.86   3889.08   3798.80   3878.71    6.80003405   0.0258   0.21969  3815.42     7.66   1.7791   1.9975   0.8460  -0.0436   0.7461  -0.0444  3894.86    0.400   3175.0    0.311   3310.0     0 1-1-1-1-1  56.636982  23.305323
   Cl* Melotte 22 HCG 244   16.270   15.669   13.530   11.212   3215.90   3243.70   3244.30   3294.71  -99.00000000 -99.0000 -99.00000  3205.58     9.46   6.1107   5.8836   0.5897  -0.0488   0.4360  -0.0041  3215.90    0.459   2815.0    0.059   2895.0     1 1-1-1-1-1  56.723351  24.287514
       Cl Melotte 22 1280   14.560   14.021   12.720   10.717   3949.61   3878.53   3851.25   3759.60    0.30214831   0.0674   0.01002  3891.98    11.86   2.3280   2.5907   0.8793  -0.0276   0.7890  -0.0319  3949.61    0.282   3225.0    0.229   3375.0     0 1-1-1-1-1  56.764931  24.159710
     Cl* Melotte 22 SK432   16.701   99.000   13.976   11.485   3224.53   3186.61  -9999.00   3128.67  -99.00000000 -99.0000 -99.00000  3293.13     5.46   4.9518   4.7309   0.6243  -0.0187   0.4736   0.0290  3224.53    0.214   2865.0    0.000  -9999.0     0 1-1-1-1-1  56.813702  25.115416
     Cl* Melotte 22 SK428   15.699   99.000   13.399   11.136   3525.67   3464.30  -9999.00   3360.22    1.36717558   0.0359   0.03634  3620.36    13.90   2.7986   2.7737   0.7742   0.0021   0.6429   0.0429  3525.67    0.000  -9999.0    0.000  -9999.0     0 1-1-1-1-1  56.836803  25.086767
     Cl* Melotte 22 SK424   15.209   14.627   13.109   11.028   3695.52   3673.13   3676.27   3630.07  -99.00000000 -99.0000 -99.00000  3713.50     5.45   2.0373   2.1150   0.8199  -0.0087   0.6927   0.0069  3695.52    0.101   3130.0    0.000  -9999.0     0 1-1-1-1-1  56.840977  25.897928
   Cl* Melotte 22 HCG 276   14.769   14.058   12.701   10.596   3723.15   3677.68   3753.48   3590.21    1.28584218   0.0688   0.03844  3699.48    10.12   3.3215   3.4169   0.8005  -0.0367   0.6857  -0.0141  3723.15    0.350   3100.0    0.126   3230.0     0 1-1-1-1-1  56.869934  22.376574
   Cl* Melotte 22 HHJ 238   17.700   99.000   14.800   12.425   3126.43   3165.46  -9999.00   3234.17  -99.00000000 -99.0000 -99.00000  3139.06    -1.29   6.2098   5.9164   0.5681  -0.0229   0.4000   0.0054  3126.43    0.268   2785.0    0.000  -9999.0     0 1-1-1-1-1  56.892330  25.718382
     Cl* Melotte 22 SK410   14.744   99.000   12.869   10.834   3911.28   3831.65  -9999.00   3706.46  -99.00000000 -99.0000 -99.00000  3938.02    21.57   0.5620   0.7935   0.8929  -0.0019   0.8129   0.0133  3911.28    0.024   3250.0    0.000  -9999.0     0 1-1-1-1-1  56.896706  25.543968
   Cl* Melotte 22 HHJ 438   15.733   99.000   13.473   11.327   3558.09   3547.02  -9999.00   3526.45  -99.00000000 -99.0000 -99.00000  3556.01     1.83   2.3694   2.3638   0.7647  -0.0187   0.6144  -0.0019  3558.09    0.200   3060.0    0.021   3140.0     0 1-1-1-1-1  56.943283  24.050699
   Cl* Melotte 22 HCG 298   15.250   14.687   12.810   10.538   3413.44   3390.64   3379.67   3348.32    0.34596211   0.0791   0.00829  3415.83    10.01   6.8050   6.7117   0.6946  -0.0359   0.5410  -0.0021  3413.44    0.344   2955.0    0.025   3045.0     1 1-1-1-1-1  56.949680  22.555561
    Cl* Melotte 22 BPL167   16.187   99.000   13.653   11.254   3346.48   3293.54  -9999.00   3211.38  -99.00000000 -99.0000 -99.00000  3256.33    -6.66   0.2654   0.1289   0.6513  -0.0511   0.4589  -0.0497  3346.48    0.451   2900.0    0.461   2935.0     0 1-1-1-1-1  57.036713  25.029392
   Cl* Melotte 22 HCG 323   16.140   15.497   13.670   11.484   3392.07   3416.57   3447.91   3466.20  -99.00000000 -99.0000 -99.00000  3362.53     4.14   3.7134   3.6065   0.6767  -0.0452   0.5187  -0.0135  3392.07    0.409   2935.0    0.150   3020.0     0 1-1-1-1-1  57.094372  22.872700
       Cl Melotte 22 1827   14.840   14.331   12.660   10.511   3626.46   3589.07   3552.38   3521.93    2.47021651   0.0618   0.07022  3724.38     3.46   2.1133   2.1485   0.8035  -0.0029   0.6985   0.0477  3626.46    0.035   3105.0    0.000  -9999.0     1 1-1-1-1-1  57.094868  23.972546
   Cl* Melotte 22 HCG 325   15.440   14.891   13.030   10.859   3436.53   3454.81   3437.63   3488.79  -99.00000000 -99.0000 -99.00000  3421.48     5.61   3.3489   3.2700   0.7055  -0.0340   0.5457  -0.0091  3436.53    0.329   2970.0    0.101   3055.0     1 1-1-1-1-1  57.103413  22.407301
   Cl* Melotte 22 HCG 317   15.463   14.839   13.249   11.089   3597.11   3563.88   3591.16   3505.36    1.63127506   0.0748   0.04566  3601.56     7.61   2.8116   2.8292   0.7761  -0.0205   0.6401   0.0041  3597.11    0.217   3075.0    0.000  -9999.0     0 1-1-1-1-1  57.108486  25.244755
   Cl* Melotte 22 HHJ 333   16.874   99.000   14.217   11.683   3266.20   3195.56  -9999.00   3095.38  -99.00000000 -99.0000 -99.00000  3331.26     7.76   4.8161   4.6249   0.6757   0.0114   0.5002   0.0338  3266.20    0.000  -9999.0    0.000  -9999.0     0 1-1-1-1-1  57.190331  25.700514
   Cl* Melotte 22 HCG 349   15.909   15.278   13.340   11.014   3322.02   3308.69   3324.17   3286.13  -99.00000000 -99.0000 -99.00000  3318.43     3.72   4.8215   4.6687   0.6651  -0.0263   0.4940  -0.0018  3322.02    0.272   2920.0    0.023   2990.0     1 1-1-1-1-1  57.238956  24.328848
   Cl* Melotte 22 HHJ 353   16.351   99.000   13.921   11.669   3420.56   3404.53  -9999.00   3374.77  -99.00000000 -99.0000 -99.00000  3448.55     5.23   3.3553   3.2664   0.7173  -0.0160   0.5521   0.0054  3420.56    0.174   2990.0    0.000  -9999.0     0 1-1-1-1-1  57.242847  23.094244
   Cl* Melotte 22 HCG 353   15.390   14.786   13.230   11.150   3643.73   3639.62   3655.41   3631.73    8.40559769   0.0526   0.24113  3621.13     7.26   2.0735   2.1192   0.7888  -0.0232   0.6450  -0.0145  3643.73    0.242   3090.0    0.135   3185.0     0 1-1-1-1-1  57.254169  22.980446
   Cl* Melotte 22 HCG 354   15.310   14.784   12.940   10.786   3468.95   3484.85   3456.03   3514.40    0.58549148   0.0242   0.01482  3386.38     6.57   4.9069   4.8479   0.6830  -0.0687   0.5274  -0.0439  3468.95    0.541   2940.0    0.387   3030.0     1 1-1-1-1-1  57.274410  23.739756
       Cl Melotte 22 2208   14.420   13.580   12.550   10.494   3916.76   3821.54   4005.71   3671.58    0.39842203   0.0504   0.01301  3889.30    19.47   2.6046   2.8405   0.8593  -0.0372   0.7877  -0.0149  3916.76    0.356   3195.0    0.118   3370.0     0 1-1-1-1-1  57.314083  24.567284
   Cl* Melotte 22 HCG 372   16.580   99.000   13.990   11.738   3308.70   3330.46  -9999.00   3374.77    1.59263957   0.0933   0.03336  3307.50     1.79   5.6759   5.5141   0.6372  -0.0479   0.4856  -0.0033  3308.70    0.436   2880.0    0.043   2975.0     0 1-1-1-1-1  57.387638  24.534067
     Cl* Melotte 22 SK293   16.333   99.000   13.857   11.567   3387.79   3365.64  -9999.00   3324.76    1.34092259   0.0727   0.03116  3474.90     8.58   3.4716   3.3620   0.7033  -0.0168   0.5690   0.0390  3387.79    0.182   2970.0    0.000  -9999.0     0 1-1-1-1-1  57.493065  23.709436
   Cl* Melotte 22 HCG 409   16.030   15.311   13.553   11.271   3387.08   3368.88   3433.30   3335.09  -99.00000000 -99.0000 -99.00000  3387.50    14.99   4.1990   4.0889   0.6972  -0.0226   0.5282  -0.0014  3387.08    0.237   2960.0    0.017   3030.0     0 1-1-1-1-1  57.703983  22.670065
   Cl* Melotte 22 HCG 423   14.840   14.286   12.870   10.821   3810.34   3765.15   3751.79   3683.21  -99.00000000 -99.0000 -99.00000  3805.23    15.25   2.4320   2.5867   0.8369  -0.0269   0.7425  -0.0025  3810.34    0.276   3160.0    0.022   3300.0     0 1-1-1-1-1  57.815891  23.282274
     Cl* Melotte 22 SK237   16.247   99.000   13.753   11.431   3374.97   3342.50  -9999.00   3290.42  -99.00000000 -99.0000 -99.00000  3460.81     6.26   4.6919   4.5740   0.6906  -0.0242   0.5592   0.0358  3374.97    0.250   2950.0    0.000  -9999.0     0 1-1-1-1-1  57.828587  26.052504
     Cl* Melotte 22 SK231   16.521   99.000   14.063   11.768   3400.61   3371.66  -9999.00   3319.39  -99.00000000 -99.0000 -99.00000  3399.95     5.71   2.4849   2.3835   0.6905  -0.0348   0.5343  -0.0022  3400.61    0.336   2950.0    0.027   3040.0    -1 1-1-1-1-1  57.849522  25.098026
   Cl* Melotte 22 HCG 427   16.680   99.000   14.020   11.678   3264.30   3266.03  -9999.00   3268.96    1.67491615   0.1346   0.03272  3317.51     0.48   6.7826   6.5901   0.6474  -0.0160   0.4910   0.0256  3264.30    0.182   2895.0    0.000  -9999.0     0 1-1-1-1-1  57.850693  26.053247
     Cl* Melotte 22 SK201   16.194   99.000   13.754   11.483   3413.44   3391.11  -9999.00   3349.64  -99.00000000 -99.0000 -99.00000  3449.82     4.28   3.3527   3.2594   0.6974  -0.0331   0.5516   0.0085  3413.44    0.322   2960.0    0.000  -9999.0     0 1-1-1-1-1  58.023212  22.582052
   Cl* Melotte 22 HCG 452   16.626   99.000   13.825   11.423   3180.80   3191.26  -9999.00   3208.53  -99.00000000 -99.0000 -99.00000  3186.39    12.16   6.3603   6.1075   0.5887  -0.0314   0.4230   0.0010  3180.80    0.336   2815.0    0.000  -9999.0     1 1-1-1-1-1  58.050766  26.369192
    Cl* Melotte 22 DH 745   15.920   99.000   13.537   11.324   3458.41   3446.91  -9999.00   3426.36  -99.00000000 -99.0000 -99.00000  3406.51     2.38   4.8479   4.7825   0.7052  -0.0426   0.5424  -0.0235  3458.41    0.390   2970.0    0.234   3050.0     0 1-1-1-1-1  58.054920  26.196014
   Cl* Melotte 22 HCG 454   15.440   14.778   13.270   11.148   3635.09   3610.09   3658.80   3562.60    0.36458015   0.0677   0.01041  3566.21     6.80   3.8285   3.8689   0.7602  -0.0490   0.6195  -0.0356  3635.09    0.431   3055.0    0.299   3150.0     0 1-1-1-1-1  58.086052  24.565498
     Cl* Melotte 22 SK179   16.700   99.000   14.160   11.910   3342.21   3354.53  -9999.00   3377.42  -99.00000000 -99.0000 -99.00000  3349.17     0.05   7.1807   7.0414   0.6640  -0.0365   0.5088   0.0024  3342.21    0.353   2915.0    0.000  -9999.0     0 1-1-1-1-1  58.130680  25.252174
    Cl* Melotte 22 BPL273   16.269   15.655   13.726   11.532   3340.07   3379.07   3392.28   3454.15  -99.00000000 -99.0000 -99.00000  3317.36    71.94   0.0522  -0.0885   0.6861  -0.0135   0.4915  -0.0138  3340.07    0.152   2945.0    0.160   2985.0     0 1-1-1-1-1  58.217064  25.174004
   Cl* Melotte 22 HHJ 330   16.598   99.000   14.036   11.668   3326.54   3294.73  -9999.00   3241.07  -99.00000000 -99.0000 -99.00000  3389.43     4.28   2.1982   2.0484   0.6979   0.0045   0.5297   0.0315  3326.54    0.000  -9999.0    0.000  -9999.0     0 1-1-1-1-1  58.292313  23.053041
   Cl* Melotte 22 HCG 477   14.260   13.649   12.480   10.480   4015.13   3922.82   3946.90   3764.58  -99.00000000 -99.0000 -99.00000  3915.65    12.83   2.4564   2.7741   0.8678  -0.0574   0.8026  -0.0519  4015.13    0.483   3205.0    0.333   3395.0     0 1-1-1-1-1  58.488640  23.345341
      Cl* Melotte 22 SK99   16.410   99.000   14.220   12.012   3617.83   3551.23  -9999.00   3433.06  -99.00000000 -99.0000 -99.00000  3526.58    27.12   0.0673   0.0973   0.7684  -0.0352   0.5943  -0.0521  3617.83    0.337   3065.0    0.406   3110.0    -1 1-1-1-1-1  58.559036  25.632647
      Cl* Melotte 22 SK82   15.761   15.158   13.756   11.759   3777.54   3774.81   3789.33   3769.56  -99.00000000 -99.0000 -99.00000  3774.11   -56.05  -0.0780   0.0537   0.8493  -0.0046   0.7221  -0.0058  3777.54    0.056   3175.0    0.052   3275.0    -1 1-1-1-1-1  58.699924  25.208462
      Cl* Melotte 22 SK40   15.683   15.006   13.535   11.489   3654.09   3665.75   3722.48   3688.19  -99.00000000 -99.0000 -99.00000  3713.61     5.46  -0.1805  -0.1285   0.8328   0.0174   0.6936   0.0289  3654.09    0.000  -9999.0    0.000  -9999.0    -1 1-1-1-1-1  58.943188  23.354513
   Cl* Melotte 22 HCG 502   14.813   13.928   12.563   10.440   3566.19   3564.40   3738.83   3561.09  -99.00000000 -99.0000 -99.00000  3561.01     8.68   4.5278   4.5270   0.7644  -0.0218   0.6161  -0.0043  3566.19    0.228   3060.0    0.045   3145.0     1 1-1-1-1-1  58.953022  23.926773
      Cl* Melotte 22 SK22   15.737   15.140   13.458   11.277   3542.69   3518.57   3529.11   3473.73  -99.00000000 -99.0000 -99.00000  3536.67     5.41   3.2985   3.2838   0.7464  -0.0317   0.6037  -0.0049  3542.69    0.311   3035.0    0.051   3125.0     0 1-1-1-1-1  59.077461  23.964449
      Cl* Melotte 22 SK17   15.297   14.563   13.176   11.078   3677.39   3651.55   3740.52   3601.83  -99.00000000 -99.0000 -99.00000  3805.74     5.94   0.3667   0.5181   0.8549  -0.0075   0.7416  -0.0010  3805.74    0.089   3190.0    0.009   3300.0     0 1-1-6-1-1  59.104092  23.090816
      Cl* Melotte 22 SK18   15.026   14.392   13.008   11.011   3766.31   3767.43   3800.70   3769.56  -99.00000000 -99.0000 -99.00000  3836.04     4.00   1.2790   1.4030   0.8522   0.0017   0.7553   0.0333  3766.31    0.000  -9999.0    0.000  -9999.0     0 1-1-1-1-1  59.108036  24.280998
    Cl* Melotte 22 BPL339   16.452   99.000   13.886   11.510   3323.93   3289.95  -9999.00   3233.22  -99.00000000 -99.0000 -99.00000  3353.13     9.39   2.6023   2.4508   0.6795  -0.0127   0.5102   0.0133  3323.93    0.144   2935.0    0.000  -9999.0     0 1-1-1-1-1  59.213776  25.040400
    Cl* Melotte 22 DH 856   16.635   99.000   14.121   11.816   3360.73   3341.11  -9999.00   3308.66  -99.00000000 -99.0000 -99.00000  3395.18    12.47   4.3891   4.2620   0.6842  -0.0245   0.5313   0.0153  3360.73    0.254   2945.0    0.000  -9999.0     0 1-1-1-1-1  59.419441  25.267883
   Cl* Melotte 22 HCG 519   15.505   14.961   13.264   11.112   3573.80   3553.87   3536.68   3517.41  -99.00000000 -99.0000 -99.00000  3547.51     4.81   3.6572   3.6610   0.7567  -0.0321   0.6089  -0.0154  3573.80    0.314   3050.0    0.149   3130.0     0 1-1-1-1-1  59.737621  23.708746
   Cl* Melotte 22 HHJ 366   16.598   99.000   13.939   11.458   3264.93   3213.84  -9999.00   3136.94  -99.00000000 -99.0000 -99.00000  3410.72    15.04   4.1284   4.0334   0.6948  -0.0346   0.5386  -0.0031  3410.72    0.334   2955.0    0.036   3045.0     0 1-1-6-1-1  59.776257  25.055597
    Cl* Melotte 22 DH 895   99.000   99.000   14.710   12.335  -9999.00  -9999.00  -9999.00   3234.17  -99.00000000 -99.0000 -99.00000  3859.85    37.55  -0.1874   0.0039   0.8710  -0.0078   0.7640  -0.0073  3859.85    0.092   3215.0    0.062   3335.0    -1 1-1-9-1-1  60.205482  25.203058
    Cl* Melotte 22 DH 908   15.935   15.320   13.616   11.309   3510.27   3431.10   3449.00   3306.52  -99.00000000 -99.0000 -99.00000  3673.09    19.77  -0.2420  -0.1783   0.8088  -0.0127   0.6723  -0.0021  3673.09    0.143   3115.0    0.021   3215.0     0 1-1-6-1-1  60.919399  25.359707
      J035958.30+233954.9   99.000   15.925   99.000   12.086  -9999.00  -9999.00   3542.10  -9999.00  -99.00000000 -99.0000 -99.00000  3363.10    14.72   0.3022   0.2973   0.7205  -0.0633   0.5136  -0.1033  3559.15    0.512   2995.0    0.652   3015.0    -1 2-1-3-1-1  59.992911  23.665255
      J033754.79+252631.2   99.000   15.242   99.000   11.265  -9999.00  -9999.00   3467.40  -9999.00  -99.00000000 -99.0000 -99.00000  3496.12     4.12   2.0233   1.9703   0.7240  -0.0313   0.5824   0.0061  3478.86    0.308   3000.0    0.000  -9999.0     0 2-1-3-1-1  54.478294  25.441995
      J040443.86+253333.0   99.000   14.906   99.000   11.715  -9999.00  -9999.00   3931.31  -9999.00  -99.00000000 -99.0000 -99.00000  3980.49   -32.82  -0.4746  -0.1886   0.9068  -0.0084   0.8356  -0.0003  3977.48    0.100   3280.0    0.003   3445.0    -1 2-1-3-1-1  61.182764  25.559172
      J040350.85+261053.0   14.137   13.586   99.000    9.532  -9999.00   3442.17   3425.74  -9999.00  -99.00000000 -99.0000 -99.00000  3345.17    15.47   4.1343   4.0764   0.6660  -0.0863   0.5063  -0.0659  3470.75    0.619   2920.0    0.517   3005.0    10 2-1-2-1-1  60.961860  26.181397
      J035429.66+274637.1   16.968   16.547   99.000   12.332  -9999.00   3425.83   3347.66  -9999.00  -99.00000000 -99.0000 -99.00000  3472.37    15.92  -0.0226  -0.0907   0.7324  -0.0137   0.5674   0.0037  3454.11    0.152   3010.0    0.000  -9999.0    -1 2-1-2-1-1  58.623585  27.776959
      J034510.11+274009.1   18.027   17.345   99.000   13.168  -9999.00   3323.04   3366.09  -9999.00  -99.00000000 -99.0000 -99.00000  3362.79     3.69   6.9647   6.8302   0.6278  -0.0759   0.5110   0.0009  3349.42    0.583   2870.0    0.000  -9999.0    -1 2-1-2-1-1  56.292129  27.669194
      J035103.92+222416.7   14.616   13.986   99.000   10.732  -9999.00   3849.71   3886.68  -9999.00    3.40001702   0.0670   0.10936  3859.88    14.72   1.9839   2.1952   0.8686  -0.0182   0.7711  -0.0144  3885.83    0.200   3210.0    0.116   3345.0     0 2-1-2-1-1  57.766352  22.404637
      J035151.16+231740.9   99.000   15.981   99.000   11.720  -9999.00  -9999.00   3325.42  -9999.00  -99.00000000 -99.0000 -99.00000  3308.28     4.73   6.0961   5.9462   0.6426  -0.0507   0.4849  -0.0132  3326.26    0.451   2890.0    0.156   2975.0     0 2-1-3-1-1  57.963149  23.294703
      J040700.06+231343.8   15.053   14.249   99.000   10.910  -9999.00   3694.72   3827.22  -9999.00  -99.00000000 -99.0000 -99.00000  3784.96   -12.74  -0.0480   0.0505   0.8546   0.0159   0.7319   0.0296  3727.97    0.000  -9999.0    0.000  -9999.0     0 2-1-2-1-1  61.750241  23.228829
      J040437.18+232351.1   99.000   15.517   99.000   11.358  -9999.00  -9999.00   3374.82  -9999.00  -99.00000000 -99.0000 -99.00000  3232.62   -15.24   0.2855   0.1705   0.6534  -0.0632   0.4470  -0.0786  3379.35    0.517   2905.0    0.609   2915.0     0 2-1-3-1-1  61.154905  23.397515
      J033459.32+241216.5   15.504   14.931   99.000   11.174  -9999.00   3588.50   3587.22  -9999.00    1.22676289   0.0328   0.03475  3509.87     5.10   3.6093   3.6405   0.7384  -0.0658   0.5885  -0.0589  3619.79    0.525   3020.0    0.444   3100.0     0 2-1-2-1-1  53.747148  24.204580
      J034546.48+234743.0   99.000   15.296   99.000   10.926  -9999.00  -9999.00   3280.31  -9999.00    0.86498767   0.0429   0.02263  3506.97    15.55   3.9021   3.8661   0.7366  -0.0289   0.5902  -0.0003  3506.97    0.288   3015.0    0.004   3105.0     1 2-1-8-1-1  56.443663  23.795291
      J033505.07+243043.8   15.232   14.592   99.000   11.105  -9999.00   3703.81   3739.39  -9999.00    5.26263523   0.0861   0.15847  3723.01     4.87   2.1542   2.2588   0.8210  -0.0206   0.6998  -0.0073  3737.23    0.220   3130.0    0.067   3245.0     0 2-1-2-1-1  53.771132  24.512169
      J034242.84+251651.8   14.507   13.795   99.000   10.781  -9999.00   3960.78   4060.39  -9999.00    7.09222317   0.0296   0.24091  4014.04    11.66   1.4394   1.7435   0.9175  -0.0036   0.8567   0.0099  3998.96    0.044   3315.0    0.000  -9999.0     0 2-1-2-1-1  55.678482  25.281044
      J040952.43+241808.1   99.000   16.430   99.000   12.389  -9999.00  -9999.00   3432.76  -9999.00  -99.00000000 -99.0000 -99.00000  3255.05   -74.80   0.3206   0.2448   0.6903  -0.0511   0.4581  -0.0993  3441.63    0.446   2950.0    0.673   2930.0    -1 2-1-3-1-1  62.468466  24.302237
      J033200.72+243055.6   99.000   16.964   99.000   12.422  -9999.00  -9999.00   3211.50  -9999.00  -99.00000000 -99.0000 -99.00000  3195.44     0.66   0.9501   0.7142   0.6174  -0.0148   0.4317  -0.0021  3203.82    0.176   2855.0    0.031   2890.0     0 2-1-3-1-1  53.002994  24.515450
      J040624.37+250138.0   99.000   15.697   99.000   12.110  -9999.00  -9999.00   3683.03  -9999.00  -99.00000000 -99.0000 -99.00000  3896.24     9.13  -0.2060   0.0135   0.8844  -0.0056   0.7919   0.0007  3896.24    0.068   3235.0    0.000  -9999.0    -1 2-1-8-1-1  61.601538  25.027213
      J040729.45+253459.8   99.000   14.367   99.000   10.866  -9999.00  -9999.00   3731.50  -9999.00  -99.00000000 -99.0000 -99.00000  3576.79    14.98  -0.0675   0.0541   0.7801  -0.0693   0.6255  -0.0947  3762.72    0.542   3080.0    0.572   3160.0     0 2-1-3-1-1  61.872691  25.583264
      J033109.77+261113.2   99.000   16.302   99.000   12.030  -9999.00  -9999.00   3320.86  -9999.00  -99.00000000 -99.0000 -99.00000  3319.87    13.06  -0.0914  -0.2446   0.6942   0.0031   0.4966   0.0011  3321.36    0.000  -9999.0    0.000  -9999.0     0 2-1-3-1-1  52.790728  26.186994
      J032919.78+271230.1   99.000   16.911   99.000   13.203  -9999.00  -9999.00   3614.84  -9999.00  -99.00000000 -99.0000 -99.00000  3677.10   -28.06   0.4642   0.5060   0.8347   0.0247   0.6769   0.0206  3637.33    0.000  -9999.0    0.000  -9999.0    -1 2-1-3-1-1  52.332427  27.208352
      J034138.79+274107.2   16.035   15.249   99.000   11.254  -9999.00   3358.70   3457.66  -9999.00  -99.00000000 -99.0000 -99.00000  3372.51    -0.12   1.1834   1.0725   0.7010  -0.0182   0.5224  -0.0065  3385.74    0.197   2965.0    0.076   3025.0     0 2-1-2-1-1  55.411641  27.685329
      J035348.40+292816.0   14.262   13.665   99.000   10.497  -9999.00   3933.37   3947.61  -9999.00  -99.00000000 -99.0000 -99.00000  3858.46    -5.07  -0.2573   0.0233   0.8777  -0.0356   0.7714  -0.0611  3971.03    0.345   3225.0    0.385   3345.0     0 2-1-2-1-1  58.451670  29.471122
      J034022.51+292321.3   99.000   16.666   99.000   13.164  -9999.00  -9999.00   3730.94  -9999.00  -99.00000000 -99.0000 -99.00000  3616.46    -7.73  -0.5276  -0.4065   0.8086  -0.0406   0.6504  -0.0695  3762.11    0.379   3110.0    0.466   3190.0    -1 2-1-3-1-1  55.093790  29.389261
    Cl* Melotte 22 DH 050   16.252   15.637   13.759   11.524   3375.69   3383.24   3397.13   3397.26    0.36626366   0.0483   0.00839  3434.57     3.03   4.3133   4.2328   0.6971  -0.0409   0.5504  -0.0036  3435.11    0.379   2962.5    0.040   3057.5     0 1-2-1-1-1  53.983532  25.366608
    Cl* Melotte 22 DH 054   16.348   99.000   13.701   11.306   3272.54   3250.08  -9999.00   3215.18    0.38903132   0.0606   0.01035  3376.67     2.73   5.7576   5.6519   0.6641  -0.0559   0.5213  -0.0137  3399.42    0.478   2917.5    0.157   3012.5     0 1-2-6-1-1  54.067921  25.146992
   Cl* Melotte 22 HHJ 418   15.246   14.504   13.114   11.036   3667.90   3656.66   3750.10   3635.05    3.76682401   0.0868   0.10943  3658.38    10.87   2.5098   2.5703   0.7660  -0.0538   0.6655  -0.0062  3667.90    0.415   3055.0    0.060   3207.5     0 1-2-1-1-1  54.597412  23.108112
    Cl* Melotte 22 DH 098   99.000   99.000   14.250   12.240  -9999.00  -9999.00  -9999.00   3747.97  -99.00000000 -99.0000 -99.00000  3232.48     7.60   5.5639   5.7336   0.6058  -0.2642   0.4478  -0.3081  3831.06    0.924   2837.5    0.927   2915.0    -1 1-2-4-1-1  54.766895  27.001368
     Cl* Melotte 22 SK754   15.411   14.847   13.355   11.283   3733.51   3703.24   3695.99   3645.01  -99.00000000 -99.0000 -99.00000  3672.90    37.53  -0.1328  -0.0307   0.8133  -0.0272   0.6728  -0.0323  3733.51    0.277   3120.0    0.261   3215.0    -1 1-2-1-1-1  55.180183  25.198736
    Cl* Melotte 22 DH 165   14.670   14.043   12.572   10.530   3697.25   3696.42   3724.74   3694.83  -99.00000000 -99.0000 -99.00000  3644.61     5.02   0.3752   0.4540   0.8163  -0.0128   0.6573  -0.0293  3697.25    0.138   3125.0    0.231   3197.5     1 1-2-1-1-1  55.295620  28.011417
     Cl* Melotte 22 SK682   15.934   15.335   13.613   11.548   3508.65   3557.56   3570.31   3656.64  -99.00000000 -99.0000 -99.00000  3359.40    32.69   0.1231   0.0881   0.7167  -0.0494   0.5112  -0.0801  3508.65    0.434   2990.0    0.575   3012.5     0 1-2-1-1-1  55.622902  22.396116
    Cl* Melotte 22 HCG 80   15.720   15.246   13.290   11.137   3420.56   3453.76   3399.07   3515.90  -99.00000000 -99.0000 -99.00000  3436.76    10.95   4.9223   4.8335   0.7072  -0.0260   0.5510   0.0043  3420.56    0.262   2977.5    0.000  -9999.0     0 1-2-1-1-1  55.667610  23.989374
    Cl* Melotte 22 HCG 93   16.238   99.000   13.544   11.228   3242.73   3262.84  -9999.00   3296.86    0.81710583   0.0562   0.01541  3231.24     9.16   5.8510   5.6432   0.6060  -0.0464   0.4454  -0.0087  3242.73    0.436   2837.5    0.115   2912.5     1 1-2-1-1-1  55.735577  24.082775
   Cl* Melotte 22 HCG 100   16.370   99.000   13.730   11.420   3276.98   3286.76  -9999.00   3303.30    2.02861357   0.0828   0.04044  3255.95     6.80   5.3868   5.2032   0.6384  -0.0313   0.4611  -0.0110  3276.98    0.313   2882.5    0.139   2935.0     0 1-2-1-1-1  55.790607  24.692490
     Cl* Melotte 22 SK646   15.570   15.099   13.480   11.504   3704.16   3738.46   3678.52   3806.21  -99.00000000 -99.0000 -99.00000  3597.25    32.56   0.0267   0.1099   0.8020  -0.0293   0.6340  -0.0561  3704.16    0.290   3105.0    0.410   3167.5    -1 1-2-1-1-1  55.815552  25.341557
   Cl* Melotte 22 HHJ 374   16.217   99.000   13.803   11.497   3433.29   3386.94  -9999.00   3307.59  -99.00000000 -99.0000 -99.00000  3458.34     7.01   3.0480   2.9998   0.7105  -0.0475   0.5639  -0.0167  3487.47    0.413   2980.0    0.160   3077.5     0 1-2-6-1-1  55.932117  24.487711
     Cl* Melotte 22 SK534   16.152   99.000   13.751   11.484   3443.83   3411.01  -9999.00   3354.93    3.17414188   0.0663   0.07856  3465.83     4.83   3.8378   3.7634   0.7238  -0.0185   0.5668   0.0083  3443.83    0.223   2975.0    0.081   3055.0     0 1-3-1-1-1  56.272141  25.486446
   Cl* Melotte 22 HCG 181   16.180   15.598   13.700   11.430   3384.95   3373.05   3370.45   3350.96    0.85561222   0.0912   0.01981  3328.81     5.17   6.0053   5.8938   0.6551  -0.0638   0.4975  -0.0310  3384.95    0.520   2905.0    0.311   2992.5     0 1-2-1-1-1  56.319359  24.575708
   Cl* Melotte 22 HCG 196   15.070   14.480   13.025   10.938   3743.01   3700.97   3708.39   3620.10  -99.00000000 -99.0000 -99.00000  3706.20     4.84   2.1300   2.2383   0.8085  -0.0348   0.6899  -0.0201  3743.01    0.337   3110.0    0.172   3237.5     0 1-2-1-1-1  56.412647  25.224415
   Cl* Melotte 22 HCG 199   15.270   14.612   12.860   10.712   3436.53   3466.93   3509.08   3523.43  -99.00000000 -99.0000 -99.00000  3555.50     7.56   4.2299   4.1932   0.7376  -0.0270   0.6105   0.0203  3506.60    0.262   3020.0    0.034   3150.0     1 1-2-6-1-1  56.469345  25.861740
        Cl Melotte 22 813   15.230   14.713   12.809   10.569   3426.97   3414.25   3382.09   3390.64  -99.00000000 -99.0000 -99.00000  3332.64    -3.00   0.1203   0.0354   0.6906  -0.0452   0.4978  -0.0522  3426.97    0.403   2950.0    0.443   2992.5     1 1-2-1-1-1  56.474026  24.469128
     Cl* Melotte 22 SK491   16.149   99.000   13.596   11.310   3332.95   3331.85  -9999.00   3329.80  -99.00000000 -99.0000 -99.00000  3242.64   -24.18   0.1160  -0.0294   0.6615  -0.0349   0.4537  -0.0478  3332.95    0.341   2915.0    0.453   2925.0     0 1-2-1-1-1  56.509327  25.611307
   Cl* Melotte 22 HHJ 435   15.613   14.881   13.368   10.919   3570.35   3398.98   3475.52   3163.89    3.56001782   0.0802   0.11550  3896.10     8.37   1.6170   1.8364   0.8767  -0.0133   0.7908  -0.0004  3896.10    0.149   3222.5    0.010   3365.0     0 1-2-6-1-1  56.527157  23.838995
        Cl Melotte 22 906   15.200   14.632   12.810   10.593   3452.74   3441.11   3433.84   3421.07    1.99956954   0.0414   0.04988  3464.80     4.53   4.1860   4.1170   0.7119  -0.0337   0.5665   0.0035  3452.74    0.326   2977.5    0.000  -9999.0     1 1-2-1-1-1  56.541225  24.673626
       Cl Melotte 22 1173   15.100   14.637   13.050   10.996   3738.69   3716.87   3652.60   3674.90    8.21542645   0.0751   0.24756  3671.50     8.48   2.1087   2.2142   0.8093  -0.0327   0.6712  -0.0366  3738.69    0.318   3115.0    0.287   3211.7     0 1-3-1-1-1  56.705051  24.600019
   Cl* Melotte 22 HCG 318   14.667   14.093   12.754   10.695   3869.67   3792.49   3789.96   3666.60    0.21496674   0.0717   0.00686  3825.26    13.46   3.1679   3.3667   0.8423  -0.0395   0.7551  -0.0215  3869.67    0.373   3167.5    0.170   3320.0     0 1-2-1-1-1  57.068428  22.544590
   Cl* Melotte 22 HCG 473   16.130   15.433   13.784   11.583   3488.40   3472.73   3536.14   3443.61  -99.00000000 -99.0000 -99.00000  3427.72    -0.55   2.1812   2.1339   0.7175  -0.0413   0.5478  -0.0332  3488.40    0.380   2987.5    0.303   3055.0     0 1-2-1-1-1  58.420631  24.419390
   Cl* Melotte 22 HCG 511   16.044   15.506   13.505   11.228   3342.92   3342.50   3318.38   3341.70  -99.00000000 -99.0000 -99.00000  3316.51     7.55   5.0058   4.8670   0.6456  -0.0553   0.4922  -0.0146  3342.92    0.476   2892.5    0.168   2985.0     0 1-2-1-1-1  59.237843  24.809643
   Cl* Melotte 22 HHJ 439   14.776   14.224   12.847   10.767   3852.15   3770.83   3756.30   3631.73  -99.00000000 -99.0000 -99.00000  3831.29     8.50   2.3060   2.4915   0.8542  -0.0222   0.7562  -0.0109  3852.15    0.236   3187.5    0.091   3325.0     0 1-2-1-1-1  59.400311  23.931246
    Cl* Melotte 22 DH 894   15.654   15.056   13.384   11.170   3549.98   3505.92   3516.66   3425.03  -99.00000000 -99.0000 -99.00000  3555.18    -1.13   3.8205   3.8102   0.7506  -0.0300   0.6135   0.0012  3549.98    0.295   3040.0    0.019   3130.0     0 1-2-1-1-1  60.163445  26.738733
      J032840.87+272123.7   99.000   16.956   99.000   12.973  -9999.00  -9999.00   3464.15  -9999.00  -99.00000000 -99.0000 -99.00000  3483.86    16.41   0.4645   0.4618   0.7449  -0.0393   0.5815  -0.0372  3562.82    0.341   3027.5    0.284   2995.0    -1 2-2-8-1-1  52.170282  27.356572
      J033724.15+254320.0   99.000   14.778   99.000   11.082  -9999.00  -9999.00   3621.60  -9999.00  -99.00000000 -99.0000 -99.00000  3621.81     3.33   2.2764   2.3226   0.7856  -0.0267   0.6467  -0.0132  3644.59    0.263   3085.0    0.125   3185.0     0 2-2-3-1-1  54.350640  25.722209
      J040656.04+220204.4   15.123   14.433   99.000   10.833  -9999.00   3611.22   3675.70  -9999.00  -99.00000000 -99.0000 -99.00000  3842.72     9.62   2.4870   2.6654   0.8609  -0.0126   0.7610  -0.0011  3842.72    0.144   3197.5    0.010   3330.0     0 2-2-7-1-1  61.733496  22.034559
      J033806.27+250539.7   99.000   15.419   99.000   11.542  -9999.00  -9999.00   3521.53  -9999.00  -99.00000000 -99.0000 -99.00000  3547.14     2.33   0.0026   0.0205   0.7713  -0.0249   0.6098  -0.0262  3597.07    0.250   3065.0    0.215   3132.5     0 2-2-8-1-1  54.526114  25.094368
      J032711.13+260029.2   17.213   16.608   99.000   12.691  -9999.00   3485.90   3499.88  -9999.00  -99.00000000 -99.0000 -99.00000  3288.66     7.66   1.8056   1.7746   0.6697  -0.0987   0.4769  -0.1178  3515.29    0.661   2925.0    0.708   2960.0    -1 2-2-2-1-1  51.796364  26.008103
      J032938.98+273620.6   99.000   15.853   99.000   12.192  -9999.00  -9999.00   3641.32  -9999.00  -99.00000000 -99.0000 -99.00000  3590.89    13.07  -0.3264  -0.2672   0.7944  -0.0248   0.6346  -0.0360  3665.80    0.256   3092.5    0.296   3172.5    -1 2-2-3-1-1  52.412426  27.605730
      J033717.78+284535.8   99.000   16.602   99.000   12.462  -9999.00  -9999.00   3384.03  -9999.00  -99.00000000 -99.0000 -99.00000  3504.12    17.01  -0.0453  -0.0831   0.7612  -0.0033   0.5877  -0.0014  3504.12    0.039   3055.0    0.015   3100.0    -1 2-2-8-1-1  54.324081  28.759957
      J034504.04+292426.0   14.212   13.597   99.000   10.646  -9999.00   4075.76   4110.41  -9999.00  -99.00000000 -99.0000 -99.00000  3945.82     7.70   0.2360   0.6386   0.9006  -0.0417   0.8194  -0.0691  4116.06    0.402   3267.5    0.415   3420.0     0 2-2-2-1-1  56.266827  29.407225
      J040619.58+270822.0   99.000   16.349   99.000   11.939  -9999.00  -9999.00   3263.75  -9999.00  -99.00000000 -99.0000 -99.00000  3325.78    34.19   0.4239   0.2283   0.6950   0.0338   0.4944   0.0312  3259.98    0.000  -9999.0    0.000  -9999.0     0 2-2-3-1-1  61.581571  27.139453
