Title: Intrinsic Colors, Temperatures and Bolometric Corrections 
       of Pre-main Sequence Stars 
Authors: Pecaut M.J., Mamajek E.E. 
Table: Intrinsic colors of 5-30 Myr old Stars and Adopted Teff, 
       Bolometric Correction Values
================================================================================
Byte-by-byte Description of file: apjs480616t6_mrt.txt
--------------------------------------------------------------------------------
   Bytes Format Units Label   Explanations
--------------------------------------------------------------------------------
   1-  2 A2     ---   SpType  Spectral type 
   4-  7 I4     K     Teff    ? Effective temperature  
   9- 12 F4.2   mag   B-V     ? Johnson color index B-V 
  14- 17 F4.2   mag   V-Ic    ? Johnson-Cousins color index V-Ic
  19- 22 F4.2   mag   V-Ks    Johnson-2MASS color index V-Ks
  24- 27 F4.2   mag   J-H     2MASS color index J-H
  29- 32 F4.2   mag   H-Ks    2MASS color index H-Ks
  34- 37 F4.2   mag   Ks-W1   Johnson-WISE color index Ks-W1
  39- 42 F4.2   mag   Ks-W2   Johnson-WISE color index Ks-W2
  44- 47 F4.2   mag   Ks-W3   Johnson-WISE color index Ks-W3
  49- 52 F4.2   mag   Ks-W4   ? Johnson-WISE color index Ks-W4
  54- 58 F5.2   mag   BCV     ? The V band bolometric correction
  60- 63 F4.2   mag   BCJ     ? The J band bolometric correction
--------------------------------------------------------------------------------
F0 7280 0.28 0.34 0.73 0.11 0.06 0.04 0.03 0.00 0.08  0.01 0.57 
F1 6990 0.34 0.39 0.89 0.14 0.07 0.04 0.04 0.00 0.09  0.00 0.68 
F2 6710 0.38 0.43 0.99 0.15 0.08 0.04 0.05 0.00 0.09 -0.01 0.75 
F3 6660 0.41 0.45 1.01 0.16 0.08 0.04 0.05 0.01 0.09 -0.01 0.76 
F4 6590 0.43 0.48 1.05 0.17 0.08 0.04 0.06 0.01 0.09 -0.01 0.79 
F5 6420 0.47 0.51 1.14 0.19 0.08 0.04 0.03 0.01 0.10 -0.02 0.85 
F6 6250 0.50 0.55 1.25 0.21 0.09 0.04 0.04 0.02 0.10 -0.04 0.91 
F7 6140 0.53 0.58 1.31 0.22 0.09 0.05 0.04 0.02 0.10 -0.05 0.95 
F8 6100 0.55 0.60 1.34 0.23 0.09 0.05 0.04 0.03 0.10 -0.06 0.96 
F9 6090 0.56 0.62 1.35 0.23 0.09 0.05 0.04 0.03 0.10 -0.06 0.97 
G0 6050 0.57 0.66 1.37 0.24 0.09 0.06 0.04 0.03 0.11 -0.06 0.98 
G1 5970 0.59 0.67 1.42 0.25 0.10 0.06 0.03 0.04 0.11 -0.07 1.00 
G2 5870 0.60 0.71 1.49 0.27 0.10 0.07 0.03 0.04 0.11 -0.09 1.03 
G3 5740 0.63 0.72 1.58 0.29 0.10 0.07 0.03 0.05 0.12 -0.11 1.08 
G4 5620 0.66 0.73 1.68 0.31 0.11 0.07 0.03 0.05 0.12 -0.14 1.12 
G5 5500 0.70 0.76 1.77 0.33 0.11 0.08 0.03 0.06 0.13 -0.17 1.16 
G6 5390 0.74 0.79 1.86 0.35 0.12 0.08 0.03 0.06 0.13 -0.20 1.19 
G7 5290 0.77 0.83 1.95 0.37 0.12 0.09 0.04 0.07 0.14 -0.23 1.23 
G8 5210 0.79 0.87 2.02 0.39 0.12 0.09 0.04 0.08 0.14 -0.26 1.25 
G9 5120 0.80 0.91 2.10 0.41 0.13 0.09 0.05 0.08 0.15 -0.29 1.27 
K0 5030 0.82 0.93 2.19 0.43 0.13 0.09 0.06 0.09 0.16 -0.33 1.30 
K1 4920 0.86 0.96 2.32 0.46 0.14 0.09 0.06 0.10 0.18 -0.38 1.34 
K2 4760 0.93 1.01 2.49 0.49 0.14 0.09 0.07 0.12 0.19 -0.46 1.40 
K3 4550 1.02 1.12 2.75 0.55 0.16 0.09 0.08 0.13 0.21 -0.60 1.44 
K4 4330 1.11 1.27 3.06 0.60 0.17 0.09 0.09 0.14 0.22 -0.77 1.52 
K5 4140 1.18 1.44 3.35 0.64 0.18 0.09 0.10 0.16 0.24 -0.95 1.58 
K6 4020 1.24 1.57 3.54 0.66 0.19 0.10 0.10 0.17 0.27 -1.08 1.61 
K7 3970 1.28 1.66 3.62 0.66 0.19 0.10 0.12 0.19 0.29 -1.14 1.63 
K8 3940 1.32 1.74 3.67 0.67 0.20 0.10 0.13 0.21 0.32 -1.17 1.63 
K9 3880 1.37 1.83 3.77 0.67 0.20 0.11 0.15 0.23 0.35 -1.24 1.66 
M0 3770 1.41 1.95 3.96 0.68 0.21 0.11 0.17 0.25 0.38 -1.38 1.69 
M1 3630 1.45 2.11 4.22 0.68 0.22 0.12 0.20 0.27 0.42 -1.58 1.74 
M2 3490 1.46 2.28 4.50 0.67 0.23 0.14 0.23 0.31 0.47 -1.80 1.80 
M3 3360 1.47 2.48 4.78 0.66 0.25 0.16 0.28 0.36 0.51 -2.03 1.84 
M4 3160 1.53 2.78 5.23 0.62 0.27 0.19 0.35 0.43 0.56 -2.43 1.91 
M5 2880 1.65 3.31 6.08 0.55 0.31 0.22 0.43 0.52 0.62 -3.21 2.01 
M6                7.38 0.54 0.36 0.27 0.54 0.63                 
M7                8.47 0.58 0.41 0.33 0.67 0.77                 
M8                9.28 0.65 0.45 0.40 0.84 0.93                 
M9                9.80 0.70 0.47 0.49 1.05 1.13                 